% time	cellId	IMSI	RNTI	rsrp	sinr	ComponentCarrierId
0.000214285	1	0	0	1.22325e-13	257.884	0
0.000214285	1	0	0	2.86778e-13	604.582	0
0.000214285	1	0	0	4.8956e-13	1032.08	0
0.000214285	1	0	0	1.18494e-13	249.808	0
0.000214285	1	0	0	1.19034e-13	250.947	0
0.000214285	1	0	0	1.59222e-12	3356.7	0
0.000214285	1	0	0	2.94279e-13	620.394	0
0.000214285	1	0	0	2.30466e-13	485.865	0
0.000214285	1	0	0	1.54806e-13	326.359	0
0.000214285	1	0	0	1.83099e-13	386.008	0
0.000214285	1	0	0	3.8162e-13	804.526	0
0.000214285	1	0	0	1.3361e-13	281.674	0
0.000214285	1	0	0	2.80012e-13	590.317	0
0.000214285	1	0	0	1.19737e-13	252.427	0
0.00121429	1	0	0	1.22326e-13	257.885	0
0.00121429	1	0	0	2.86779e-13	604.583	0
0.00121429	1	0	0	4.89565e-13	1032.09	0
0.00121429	1	0	0	1.18494e-13	249.806	0
0.00121429	1	0	0	1.19034e-13	250.947	0
0.00121429	1	0	0	1.59219e-12	3356.63	0
0.00121429	1	0	0	2.9428e-13	620.397	0
0.00121429	1	0	0	2.30465e-13	485.864	0
0.00121429	1	0	0	1.54805e-13	326.357	0
0.00121429	1	0	0	1.83098e-13	386.004	0
0.00121429	1	0	0	3.81617e-13	804.519	0
0.00121429	1	0	0	1.33609e-13	281.673	0
0.00121429	1	0	0	2.80009e-13	590.312	0
0.00121429	1	0	0	1.19736e-13	252.425	0
0.00221428	1	0	0	1.22327e-13	257.887	0
0.00221428	1	0	0	2.8678e-13	604.584	0
0.00221428	1	0	0	4.89571e-13	1032.11	0
0.00221428	1	0	0	1.18493e-13	249.805	0
0.00221428	1	0	0	1.19034e-13	250.947	0
0.00221428	1	0	0	1.59216e-12	3356.57	0
0.00221428	1	0	0	2.94282e-13	620.4	0
0.00221428	1	0	0	2.30465e-13	485.863	0
0.00221428	1	0	0	1.54804e-13	326.355	0
0.00221428	1	0	0	1.83096e-13	386.001	0
0.00221428	1	0	0	3.81614e-13	804.512	0
0.00221428	1	0	0	1.33609e-13	281.672	0
0.00221428	1	0	0	2.80007e-13	590.307	0
0.00221428	1	0	0	1.19735e-13	252.424	0
0.00321428	1	0	0	1.22327e-13	257.888	0
0.00321428	1	0	0	2.8678e-13	604.586	0
0.00321428	1	0	0	4.89576e-13	1032.12	0
0.00321428	1	0	0	1.18492e-13	249.804	0
0.00321428	1	0	0	1.19034e-13	250.947	0
0.00321428	1	0	0	1.59213e-12	3356.5	0
0.00321428	1	0	0	2.94283e-13	620.403	0
0.00321428	1	0	0	2.30464e-13	485.861	0
0.00321428	1	0	0	1.54803e-13	326.352	0
0.00321428	1	0	0	1.83095e-13	385.997	0
0.00321428	1	0	0	3.81611e-13	804.506	0
0.00321428	1	0	0	1.33608e-13	281.67	0
0.00321428	1	0	0	2.80005e-13	590.301	0
0.00321428	1	0	0	1.19734e-13	252.422	0
0.00421428	1	0	0	1.22328e-13	257.89	0
0.00421428	1	0	0	2.86781e-13	604.587	0
0.00421428	1	0	0	4.89581e-13	1032.13	0
0.00421428	1	0	0	1.18492e-13	249.802	0
0.00421428	1	0	0	1.19034e-13	250.946	0
0.00421428	1	0	0	1.59209e-12	3356.43	0
0.00421428	1	0	0	2.94284e-13	620.406	0
0.00421428	1	0	0	2.30464e-13	485.86	0
0.00421428	1	0	0	1.54801e-13	326.35	0
0.00421428	1	0	0	1.83093e-13	385.994	0
0.00421428	1	0	0	3.81607e-13	804.499	0
0.00421428	1	0	0	1.33607e-13	281.669	0
0.00421428	1	0	0	2.80002e-13	590.296	0
0.00421428	1	0	0	1.19733e-13	252.42	0
0.00521428	1	0	0	1.22329e-13	257.891	0
0.00521428	1	0	0	2.86782e-13	604.589	0
0.00521428	1	0	0	4.89586e-13	1032.14	0
0.00521428	1	0	0	1.18491e-13	249.801	0
0.00521428	1	0	0	1.19034e-13	250.946	0
0.00521428	1	0	0	1.59206e-12	3356.36	0
0.00521428	1	0	0	2.94286e-13	620.409	0
0.00521428	1	0	0	2.30463e-13	485.859	0
0.00521428	1	0	0	1.548e-13	326.348	0
0.00521428	1	0	0	1.83091e-13	385.99	0
0.00521428	1	0	0	3.81604e-13	804.492	0
0.00521428	1	0	0	1.33607e-13	281.668	0
0.00521428	1	0	0	2.8e-13	590.291	0
0.00521428	1	0	0	1.19733e-13	252.419	0
0.00621428	1	0	0	1.22329e-13	257.893	0
0.00621428	1	0	0	2.86782e-13	604.59	0
0.00621428	1	0	0	4.89591e-13	1032.15	0
0.00621428	1	0	0	1.1849e-13	249.8	0
0.00621428	1	0	0	1.19034e-13	250.946	0
0.00621428	1	0	0	1.59203e-12	3356.29	0
0.00621428	1	0	0	2.94287e-13	620.412	0
0.00621428	1	0	0	2.30463e-13	485.858	0
0.00621428	1	0	0	1.54799e-13	326.346	0
0.00621428	1	0	0	1.8309e-13	385.987	0
0.00621428	1	0	0	3.81601e-13	804.485	0
0.00621428	1	0	0	1.33606e-13	281.667	0
0.00621428	1	0	0	2.79997e-13	590.286	0
0.00621428	1	0	0	1.19732e-13	252.417	0
0.00721428	1	0	0	1.2233e-13	257.894	0
0.00721428	1	0	0	2.86783e-13	604.591	0
0.00721428	1	0	0	4.89596e-13	1032.16	0
0.00721428	1	0	0	1.1849e-13	249.799	0
0.00721428	1	0	0	1.19034e-13	250.946	0
0.00721428	1	0	0	1.592e-12	3356.22	0
0.00721428	1	0	0	2.94288e-13	620.415	0
0.00721428	1	0	0	2.30462e-13	485.857	0
0.00721428	1	0	0	1.54798e-13	326.343	0
0.00721428	1	0	0	1.83088e-13	385.983	0
0.00721428	1	0	0	3.81598e-13	804.479	0
0.00721428	1	0	0	1.33606e-13	281.665	0
0.00721428	1	0	0	2.79995e-13	590.281	0
0.00721428	1	0	0	1.19731e-13	252.415	0
0.00821428	1	0	0	1.22331e-13	257.896	0
0.00821428	1	0	0	2.86783e-13	604.593	0
0.00821428	1	0	0	4.89601e-13	1032.17	0
0.00821428	1	0	0	1.18489e-13	249.797	0
0.00821428	1	0	0	1.19034e-13	250.946	0
0.00821428	1	0	0	1.59196e-12	3356.15	0
0.00821428	1	0	0	2.9429e-13	620.417	0
0.00821428	1	0	0	2.30462e-13	485.856	0
0.00821428	1	0	0	1.54797e-13	326.341	0
0.00821428	1	0	0	1.83086e-13	385.98	0
0.00821428	1	0	0	3.81595e-13	804.472	0
0.00821428	1	0	0	1.33605e-13	281.664	0
0.00821428	1	0	0	2.79992e-13	590.276	0
0.00821428	1	0	0	1.1973e-13	252.413	0
0.00921428	1	0	0	1.22331e-13	257.897	0
0.00921428	1	0	0	2.86784e-13	604.594	0
0.00921428	1	0	0	4.89606e-13	1032.18	0
0.00921428	1	0	0	1.18489e-13	249.796	0
0.00921428	1	0	0	1.19034e-13	250.946	0
0.00921428	1	0	0	1.59193e-12	3356.08	0
0.00921428	1	0	0	2.94291e-13	620.42	0
0.00921428	1	0	0	2.30461e-13	485.855	0
0.00921428	1	0	0	1.54796e-13	326.339	0
0.00921428	1	0	0	1.83085e-13	385.976	0
0.00921428	1	0	0	3.81591e-13	804.465	0
0.00921428	1	0	0	1.33604e-13	281.663	0
0.00921428	1	0	0	2.7999e-13	590.27	0
0.00921428	1	0	0	1.19729e-13	252.412	0
0.0102143	1	0	0	1.22332e-13	257.899	0
0.0102143	1	0	0	2.86785e-13	604.595	0
0.0102143	1	0	0	4.89611e-13	1032.19	0
0.0102143	1	0	0	1.18488e-13	249.795	0
0.0102143	1	0	0	1.19034e-13	250.946	0
0.0102143	1	0	0	1.5919e-12	3356.02	0
0.0102143	1	0	0	2.94293e-13	620.423	0
0.0102143	1	0	0	2.3046e-13	485.853	0
0.0102143	1	0	0	1.54795e-13	326.337	0
0.0102143	1	0	0	1.83083e-13	385.973	0
0.0102143	1	0	0	3.81588e-13	804.459	0
0.0102143	1	0	0	1.33604e-13	281.661	0
0.0102143	1	0	0	2.79987e-13	590.265	0
0.0102143	1	0	0	1.19729e-13	252.41	0
0.0112143	1	0	0	1.22333e-13	257.9	0
0.0112143	1	0	0	2.86785e-13	604.597	0
0.0112143	1	0	0	4.89616e-13	1032.2	0
0.0112143	1	0	0	1.18487e-13	249.793	0
0.0112143	1	0	0	1.19034e-13	250.946	0
0.0112143	1	0	0	1.59187e-12	3355.95	0
0.0112143	1	0	0	2.94294e-13	620.426	0
0.0112143	1	0	0	2.3046e-13	485.852	0
0.0112143	1	0	0	1.54794e-13	326.334	0
0.0112143	1	0	0	1.83081e-13	385.97	0
0.0112143	1	0	0	3.81585e-13	804.452	0
0.0112143	1	0	0	1.33603e-13	281.66	0
0.0112143	1	0	0	2.79985e-13	590.26	0
0.0112143	1	0	0	1.19728e-13	252.408	0
0.0122143	1	0	0	1.22333e-13	257.902	0
0.0122143	1	0	0	2.86786e-13	604.598	0
0.0122143	1	0	0	4.89621e-13	1032.21	0
0.0122143	1	0	0	1.18487e-13	249.792	0
0.0122143	1	0	0	1.19034e-13	250.946	0
0.0122143	1	0	0	1.59183e-12	3355.88	0
0.0122143	1	0	0	2.94295e-13	620.429	0
0.0122143	1	0	0	2.30459e-13	485.851	0
0.0122143	1	0	0	1.54793e-13	326.332	0
0.0122143	1	0	0	1.8308e-13	385.966	0
0.0122143	1	0	0	3.81582e-13	804.445	0
0.0122143	1	0	0	1.33602e-13	281.659	0
0.0122143	1	0	0	2.79982e-13	590.255	0
0.0122143	1	0	0	1.19727e-13	252.407	0
0.0132143	1	0	0	1.22334e-13	257.903	0
0.0132143	1	0	0	2.86787e-13	604.6	0
0.0132143	1	0	0	4.89627e-13	1032.22	0
0.0132143	1	0	0	1.18486e-13	249.791	0
0.0132143	1	0	0	1.19034e-13	250.946	0
0.0132143	1	0	0	1.5918e-12	3355.81	0
0.0132143	1	0	0	2.94297e-13	620.432	0
0.0132143	1	0	0	2.30459e-13	485.85	0
0.0132143	1	0	0	1.54792e-13	326.33	0
0.0132143	1	0	0	1.83078e-13	385.963	0
0.0132143	1	0	0	3.81579e-13	804.438	0
0.0132143	1	0	0	1.33602e-13	281.657	0
0.0132143	1	0	0	2.7998e-13	590.25	0
0.0132143	1	0	0	1.19726e-13	252.405	0
0.0142143	1	0	0	1.22335e-13	257.905	0
0.0142143	1	0	0	2.86787e-13	604.601	0
0.0142143	1	0	0	4.89632e-13	1032.23	0
0.0142143	1	0	0	1.18486e-13	249.79	0
0.0142143	1	0	0	1.19034e-13	250.946	0
0.0142143	1	0	0	1.59177e-12	3355.74	0
0.0142143	1	0	0	2.94298e-13	620.435	0
0.0142143	1	0	0	2.30458e-13	485.849	0
0.0142143	1	0	0	1.54791e-13	326.328	0
0.0142143	1	0	0	1.83077e-13	385.959	0
0.0142143	1	0	0	3.81575e-13	804.432	0
0.0142143	1	0	0	1.33601e-13	281.656	0
0.0142143	1	0	0	2.79978e-13	590.245	0
0.0142143	1	0	0	1.19725e-13	252.403	0
0.0152143	1	0	0	1.22336e-13	257.906	0
0.0152143	1	0	0	2.86788e-13	604.602	0
0.0152143	1	0	0	4.89637e-13	1032.24	0
0.0152143	1	0	0	1.18485e-13	249.788	0
0.0152143	1	0	0	1.19034e-13	250.946	0
0.0152143	1	0	0	1.59174e-12	3355.67	0
0.0152143	1	0	0	2.943e-13	620.438	0
0.0152143	1	0	0	2.30458e-13	485.848	0
0.0152143	1	0	0	1.5479e-13	326.325	0
0.0152143	1	0	0	1.83075e-13	385.956	0
0.0152143	1	0	0	3.81572e-13	804.425	0
0.0152143	1	0	0	1.33601e-13	281.655	0
0.0152143	1	0	0	2.79975e-13	590.239	0
0.0152143	1	0	0	1.19725e-13	252.401	0
0.0162143	1	0	0	1.22336e-13	257.908	0
0.0162143	1	0	0	2.86789e-13	604.604	0
0.0162143	1	0	0	4.89642e-13	1032.26	0
0.0162143	1	0	0	1.18484e-13	249.787	0
0.0162143	1	0	0	1.19034e-13	250.946	0
0.0162143	1	0	0	1.5917e-12	3355.6	0
0.0162143	1	0	0	2.94301e-13	620.441	0
0.0162143	1	0	0	2.30457e-13	485.846	0
0.0162143	1	0	0	1.54789e-13	326.323	0
0.0162143	1	0	0	1.83073e-13	385.952	0
0.0162143	1	0	0	3.81569e-13	804.418	0
0.0162143	1	0	0	1.336e-13	281.654	0
0.0162143	1	0	0	2.79973e-13	590.234	0
0.0162143	1	0	0	1.19724e-13	252.4	0
0.0172143	1	0	0	1.22337e-13	257.909	0
0.0172143	1	0	0	2.86789e-13	604.605	0
0.0172143	1	0	0	4.89647e-13	1032.27	0
0.0172143	1	0	0	1.18484e-13	249.786	0
0.0172143	1	0	0	1.19034e-13	250.946	0
0.0172143	1	0	0	1.59167e-12	3355.53	0
0.0172143	1	0	0	2.94302e-13	620.444	0
0.0172143	1	0	0	2.30457e-13	485.845	0
0.0172143	1	0	0	1.54788e-13	326.321	0
0.0172143	1	0	0	1.83072e-13	385.949	0
0.0172143	1	0	0	3.81566e-13	804.411	0
0.0172143	1	0	0	1.33599e-13	281.652	0
0.0172143	1	0	0	2.7997e-13	590.229	0
0.0172143	1	0	0	1.19723e-13	252.398	0
0.0182143	1	0	0	1.22338e-13	257.91	0
0.0182143	1	0	0	2.8679e-13	604.607	0
0.0182143	1	0	0	4.89652e-13	1032.28	0
0.0182143	1	0	0	1.18483e-13	249.784	0
0.0182143	1	0	0	1.19034e-13	250.946	0
0.0182143	1	0	0	1.59164e-12	3355.47	0
0.0182143	1	0	0	2.94304e-13	620.447	0
0.0182143	1	0	0	2.30456e-13	485.844	0
0.0182143	1	0	0	1.54787e-13	326.319	0
0.0182143	1	0	0	1.8307e-13	385.945	0
0.0182143	1	0	0	3.81563e-13	804.405	0
0.0182143	1	0	0	1.33599e-13	281.651	0
0.0182143	1	0	0	2.79968e-13	590.224	0
0.0182143	1	0	0	1.19722e-13	252.396	0
0.0192143	1	0	0	1.22338e-13	257.912	0
0.0192143	1	0	0	2.86791e-13	604.608	0
0.0192143	1	0	0	4.89657e-13	1032.29	0
0.0192143	1	0	0	1.18482e-13	249.783	0
0.0192143	1	0	0	1.19034e-13	250.946	0
0.0192143	1	0	0	1.5916e-12	3355.4	0
0.0192143	1	0	0	2.94305e-13	620.45	0
0.0192143	1	0	0	2.30456e-13	485.843	0
0.0192143	1	0	0	1.54786e-13	326.316	0
0.0192143	1	0	0	1.83068e-13	385.942	0
0.0192143	1	0	0	3.81559e-13	804.398	0
0.0192143	1	0	0	1.33598e-13	281.65	0
0.0192143	1	0	0	2.79965e-13	590.219	0
0.0192143	1	0	0	1.19721e-13	252.395	0
0.0202143	1	0	0	1.22339e-13	257.913	0
0.0202143	1	0	0	2.86791e-13	604.609	0
0.0202143	1	0	0	4.89662e-13	1032.3	0
0.0202143	1	0	0	1.18482e-13	249.782	0
0.0202143	1	0	0	1.19034e-13	250.946	0
0.0202143	1	0	0	1.59157e-12	3355.33	0
0.0202143	1	0	0	2.94307e-13	620.453	0
0.0202143	1	0	0	2.30455e-13	485.842	0
0.0202143	1	0	0	1.54784e-13	326.314	0
0.0202143	1	0	0	1.83067e-13	385.938	0
0.0202143	1	0	0	3.81556e-13	804.391	0
0.0202143	1	0	0	1.33598e-13	281.648	0
0.0202143	1	0	0	2.79963e-13	590.214	0
0.0202143	1	0	0	1.1972e-13	252.393	0
0.0212143	1	0	0	1.2234e-13	257.915	0
0.0212143	1	0	4	2.86792e-13	604.611	0
0.0212143	1	0	8	4.89667e-13	1032.31	0
0.0212143	1	0	1	1.18481e-13	249.78	0
0.0212143	1	0	7	1.19034e-13	250.946	0
0.0212143	1	0	2	1.59154e-12	3355.26	0
0.0212143	1	0	9	2.94308e-13	620.456	0
0.0212143	1	0	0	2.30454e-13	485.841	0
0.0212143	1	0	6	1.54783e-13	326.312	0
0.0212143	1	0	0	1.83065e-13	385.935	0
0.0212143	1	0	0	3.81553e-13	804.384	0
0.0212143	1	0	5	1.33597e-13	281.647	0
0.0212143	1	0	3	2.7996e-13	590.208	0
0.0212143	1	0	10	1.1972e-13	252.391	0
0.0222143	1	0	0	1.2234e-13	257.916	0
0.0222143	1	0	4	2.86793e-13	604.612	0
0.0222143	1	0	8	4.89672e-13	1032.32	0
0.0222143	1	0	1	1.18481e-13	249.779	0
0.0222143	1	0	7	1.19034e-13	250.946	0
0.0222143	1	0	2	1.59151e-12	3355.19	0
0.0222143	1	0	9	2.94309e-13	620.458	0
0.0222143	1	0	0	2.30454e-13	485.84	0
0.0222143	1	0	6	1.54782e-13	326.31	0
0.0222143	1	0	0	1.83063e-13	385.932	0
0.0222143	1	0	0	3.8155e-13	804.378	0
0.0222143	1	0	5	1.33596e-13	281.646	0
0.0222143	1	0	3	2.79958e-13	590.203	0
0.0222143	1	0	10	1.19719e-13	252.39	0
0.0232143	1	0	0	1.22341e-13	257.918	0
0.0232143	1	0	4	2.86793e-13	604.614	0
0.0232143	1	0	8	4.89677e-13	1032.33	0
0.0232143	1	0	1	1.1848e-13	249.778	0
0.0232143	1	0	7	1.19034e-13	250.945	0
0.0232143	1	0	2	1.59147e-12	3355.12	0
0.0232143	1	0	9	2.94311e-13	620.461	0
0.0232143	1	0	0	2.30453e-13	485.838	0
0.0232143	1	0	6	1.54781e-13	326.308	0
0.0232143	1	0	0	1.83062e-13	385.928	0
0.0232143	1	0	0	3.81547e-13	804.371	0
0.0232143	1	0	5	1.33596e-13	281.644	0
0.0232143	1	0	3	2.79956e-13	590.198	0
0.0232143	1	0	10	1.19718e-13	252.388	0
0.0242143	1	0	0	1.22342e-13	257.919	0
0.0242143	1	0	4	2.86794e-13	604.615	0
0.0242143	1	0	8	4.89682e-13	1032.34	0
0.0242143	1	0	1	1.18479e-13	249.777	0
0.0242143	1	0	7	1.19034e-13	250.945	0
0.0242143	1	0	2	1.59144e-12	3355.05	0
0.0242143	1	0	9	2.94312e-13	620.464	0
0.0242143	1	0	0	2.30453e-13	485.837	0
0.0242143	1	0	6	1.5478e-13	326.305	0
0.0242143	1	0	0	1.8306e-13	385.925	0
0.0242143	1	0	0	3.81543e-13	804.364	0
0.0242143	1	0	5	1.33595e-13	281.643	0
0.0242143	1	0	3	2.79953e-13	590.193	0
0.0242143	1	0	10	1.19717e-13	252.386	0
0.0252143	1	0	0	1.22343e-13	257.921	0
0.0252143	1	0	4	2.86795e-13	604.616	0
0.0252143	1	0	8	4.89688e-13	1032.35	0
0.0252143	1	0	1	1.18479e-13	249.775	0
0.0252143	1	0	7	1.19034e-13	250.945	0
0.0252143	1	0	2	1.59141e-12	3354.98	0
0.0252143	1	0	9	2.94313e-13	620.467	0
0.0252143	1	0	0	2.30452e-13	485.836	0
0.0252143	1	0	6	1.54779e-13	326.303	0
0.0252143	1	0	0	1.83058e-13	385.921	0
0.0252143	1	0	0	3.8154e-13	804.358	0
0.0252143	1	0	5	1.33594e-13	281.642	0
0.0252143	1	0	3	2.79951e-13	590.188	0
0.0252143	1	0	10	1.19716e-13	252.384	0
0.0262143	1	0	14	1.22343e-13	257.922	0
0.0262143	1	0	4	2.86795e-13	604.618	0
0.0262143	1	0	8	4.89693e-13	1032.36	0
0.0262143	1	0	1	1.18478e-13	249.774	0
0.0262143	1	0	7	1.19034e-13	250.945	0
0.0262143	1	0	2	1.59138e-12	3354.92	0
0.0262143	1	0	9	2.94315e-13	620.47	0
0.0262143	1	0	13	2.30452e-13	485.835	0
0.0262143	1	0	6	1.54778e-13	326.301	0
0.0262143	1	0	11	1.83057e-13	385.918	0
0.0262143	1	0	12	3.81537e-13	804.351	0
0.0262143	1	0	5	1.33594e-13	281.641	0
0.0262143	1	0	3	2.79948e-13	590.183	0
0.0262143	1	0	10	1.19716e-13	252.383	0
0.0272143	1	0	14	1.22344e-13	257.924	0
0.0272143	1	0	4	2.86796e-13	604.619	0
0.0272143	1	0	8	4.89698e-13	1032.37	0
0.0272143	1	0	1	1.18478e-13	249.773	0
0.0272143	1	0	7	1.19034e-13	250.945	0
0.0272143	1	0	2	1.59134e-12	3354.85	0
0.0272143	1	0	9	2.94316e-13	620.473	0
0.0272143	1	0	13	2.30451e-13	485.834	0
0.0272143	1	0	6	1.54777e-13	326.299	0
0.0272143	1	0	11	1.83055e-13	385.914	0
0.0272143	1	0	12	3.81534e-13	804.344	0
0.0272143	1	0	5	1.33593e-13	281.639	0
0.0272143	1	0	3	2.79946e-13	590.177	0
0.0272143	1	0	10	1.19715e-13	252.381	0
0.0282143	1	0	14	1.22345e-13	257.925	0
0.0282143	1	0	4	2.86797e-13	604.621	0
0.0282143	1	0	8	4.89703e-13	1032.38	0
0.0282143	1	0	1	1.18477e-13	249.771	0
0.0282143	1	0	7	1.19034e-13	250.945	0
0.0282143	1	0	2	1.59131e-12	3354.78	0
0.0282143	1	0	9	2.94318e-13	620.476	0
0.0282143	1	0	13	2.30451e-13	485.833	0
0.0282143	1	0	6	1.54776e-13	326.296	0
0.0282143	1	0	11	1.83054e-13	385.911	0
0.0282143	1	0	12	3.81531e-13	804.337	0
0.0282143	1	0	5	1.33593e-13	281.638	0
0.0282143	1	0	3	2.79943e-13	590.172	0
0.0282143	1	0	10	1.19714e-13	252.379	0
0.0292143	1	0	14	1.22345e-13	257.927	0
0.0292143	1	0	4	2.86797e-13	604.622	0
0.0292143	1	0	8	4.89708e-13	1032.39	0
0.0292143	1	0	1	1.18476e-13	249.77	0
0.0292143	1	0	7	1.19034e-13	250.945	0
0.0292143	1	0	2	1.59128e-12	3354.71	0
0.0292143	1	0	9	2.94319e-13	620.479	0
0.0292143	1	0	13	2.3045e-13	485.831	0
0.0292143	1	0	6	1.54775e-13	326.294	0
0.0292143	1	0	11	1.83052e-13	385.907	0
0.0292143	1	0	12	3.81527e-13	804.331	0
0.0292143	1	0	5	1.33592e-13	281.637	0
0.0292143	1	0	3	2.79941e-13	590.167	0
0.0292143	1	0	10	1.19713e-13	252.378	0
0.0302143	1	0	14	1.22346e-13	257.928	0
0.0302143	1	0	4	2.86798e-13	604.623	0
0.0302143	1	0	8	4.89713e-13	1032.41	0
0.0302143	1	0	1	1.18476e-13	249.769	0
0.0302143	1	0	7	1.19034e-13	250.945	0
0.0302143	1	0	2	1.59125e-12	3354.64	0
0.0302143	1	0	9	2.9432e-13	620.482	0
0.0302143	1	0	13	2.3045e-13	485.83	0
0.0302143	1	0	6	1.54774e-13	326.292	0
0.0302143	1	0	11	1.8305e-13	385.904	0
0.0302143	1	0	12	3.81524e-13	804.324	0
0.0302143	1	0	5	1.33591e-13	281.635	0
0.0302143	1	0	3	2.79938e-13	590.162	0
0.0302143	1	0	10	1.19712e-13	252.376	0
0.0312143	1	0	14	1.22347e-13	257.93	0
0.0312143	1	0	4	2.86799e-13	604.625	0
0.0312143	1	0	8	4.89718e-13	1032.42	0
0.0312143	1	0	1	1.18475e-13	249.767	0
0.0312143	1	0	7	1.19034e-13	250.945	0
0.0312143	1	0	2	1.59121e-12	3354.57	0
0.0312143	1	0	9	2.94322e-13	620.485	0
0.0312143	1	0	13	2.30449e-13	485.829	0
0.0312143	1	0	6	1.54773e-13	326.29	0
0.0312143	1	0	11	1.83049e-13	385.9	0
0.0312143	1	0	12	3.81521e-13	804.317	0
0.0312143	1	0	5	1.33591e-13	281.634	0
0.0312143	1	0	3	2.79936e-13	590.157	0
0.0312143	1	0	10	1.19712e-13	252.374	0
0.0322143	1	0	14	1.22347e-13	257.931	0
0.0322143	1	0	4	2.86799e-13	604.626	0
0.0322143	1	0	8	4.89723e-13	1032.43	0
0.0322143	1	0	1	1.18474e-13	249.766	0
0.0322143	1	0	7	1.19034e-13	250.945	0
0.0322143	1	0	2	1.59118e-12	3354.5	0
0.0322143	1	0	9	2.94323e-13	620.488	0
0.0322143	1	0	13	2.30448e-13	485.828	0
0.0322143	1	0	6	1.54772e-13	326.287	0
0.0322143	1	0	11	1.83047e-13	385.897	0
0.0322143	1	0	12	3.81518e-13	804.31	0
0.0322143	1	0	5	1.3359e-13	281.633	0
0.0322143	1	0	3	2.79933e-13	590.152	0
0.0322143	1	0	10	1.19711e-13	252.372	0
0.0332143	1	0	14	1.22348e-13	257.933	0
0.0332143	1	0	4	2.868e-13	604.628	0
0.0332143	1	0	8	4.89728e-13	1032.44	0
0.0332143	1	0	1	1.18474e-13	249.765	0
0.0332143	1	0	7	1.19034e-13	250.945	0
0.0332143	1	0	2	1.59115e-12	3354.44	0
0.0332143	1	0	9	2.94325e-13	620.491	0
0.0332143	1	0	13	2.30448e-13	485.827	0
0.0332143	1	0	6	1.54771e-13	326.285	0
0.0332143	1	0	11	1.83045e-13	385.894	0
0.0332143	1	0	12	3.81515e-13	804.304	0
0.0332143	1	0	5	1.3359e-13	281.631	0
0.0332143	1	0	3	2.79931e-13	590.146	0
0.0332143	1	0	10	1.1971e-13	252.371	0
0.0342143	1	0	14	1.22349e-13	257.934	0
0.0342143	1	0	4	2.86801e-13	604.629	0
0.0342143	1	0	8	4.89733e-13	1032.45	0
0.0342143	1	0	1	1.18473e-13	249.764	0
0.0342143	1	0	7	1.19034e-13	250.945	0
0.0342143	1	0	2	1.59112e-12	3354.37	0
0.0342143	1	0	9	2.94326e-13	620.494	0
0.0342143	1	0	13	2.30447e-13	485.826	0
0.0342143	1	0	6	1.5477e-13	326.283	0
0.0342143	1	0	11	1.83044e-13	385.89	0
0.0342143	1	0	12	3.81512e-13	804.297	0
0.0342143	1	0	5	1.33589e-13	281.63	0
0.0342143	1	0	3	2.79929e-13	590.141	0
0.0342143	1	0	10	1.19709e-13	252.369	0
0.0352143	1	0	14	1.2235e-13	257.935	0
0.0352143	1	0	4	2.86801e-13	604.63	0
0.0352143	1	0	8	4.89738e-13	1032.46	0
0.0352143	1	0	1	1.18473e-13	249.762	0
0.0352143	1	0	7	1.19034e-13	250.945	0
0.0352143	1	0	2	1.59108e-12	3354.3	0
0.0352143	1	0	9	2.94327e-13	620.497	0
0.0352143	1	0	13	2.30447e-13	485.825	0
0.0352143	1	0	6	1.54768e-13	326.281	0
0.0352143	1	0	11	1.83042e-13	385.887	0
0.0352143	1	0	12	3.81508e-13	804.29	0
0.0352143	1	0	5	1.33588e-13	281.629	0
0.0352143	1	0	3	2.79926e-13	590.136	0
0.0352143	1	0	10	1.19708e-13	252.367	0
0.0362143	1	0	14	1.2235e-13	257.937	0
0.0362143	1	0	4	2.86802e-13	604.632	0
0.0362143	1	0	8	4.89744e-13	1032.47	0
0.0362143	1	0	1	1.18472e-13	249.761	0
0.0362143	1	0	7	1.19034e-13	250.945	0
0.0362143	1	0	2	1.59105e-12	3354.23	0
0.0362143	1	0	9	2.94329e-13	620.5	0
0.0362143	1	0	13	2.30446e-13	485.823	0
0.0362143	1	0	6	1.54767e-13	326.278	0
0.0362143	1	0	11	1.8304e-13	385.883	0
0.0362143	1	0	12	3.81505e-13	804.283	0
0.0362143	1	0	5	1.33588e-13	281.628	0
0.0362143	1	0	3	2.79924e-13	590.131	0
0.0362143	1	0	10	1.19707e-13	252.366	0
0.0372143	1	0	14	1.22351e-13	257.938	0
0.0372143	1	0	4	2.86803e-13	604.633	0
0.0372143	1	0	8	4.89749e-13	1032.48	0
0.0372143	1	0	1	1.18471e-13	249.76	0
0.0372143	1	0	7	1.19034e-13	250.945	0
0.0372143	1	0	2	1.59102e-12	3354.16	0
0.0372143	1	0	9	2.9433e-13	620.502	0
0.0372143	1	0	13	2.30446e-13	485.822	0
0.0372143	1	0	6	1.54766e-13	326.276	0
0.0372143	1	0	11	1.83039e-13	385.88	0
0.0372143	1	0	12	3.81502e-13	804.277	0
0.0372143	1	0	5	1.33587e-13	281.626	0
0.0372143	1	0	3	2.79921e-13	590.126	0
0.0372143	1	0	10	1.19707e-13	252.364	0
0.0382143	1	0	14	1.22352e-13	257.94	0
0.0382143	1	0	4	2.86803e-13	604.635	0
0.0382143	1	0	8	4.89754e-13	1032.49	0
0.0382143	1	0	1	1.18471e-13	249.758	0
0.0382143	1	0	7	1.19034e-13	250.945	0
0.0382143	1	0	2	1.59099e-12	3354.09	0
0.0382143	1	0	9	2.94332e-13	620.505	0
0.0382143	1	0	13	2.30445e-13	485.821	0
0.0382143	1	0	6	1.54765e-13	326.274	0
0.0382143	1	0	11	1.83037e-13	385.876	0
0.0382143	1	0	12	3.81499e-13	804.27	0
0.0382143	1	0	5	1.33586e-13	281.625	0
0.0382143	1	0	3	2.79919e-13	590.121	0
0.0382143	1	0	10	1.19706e-13	252.362	0
0.0392143	1	0	14	1.22352e-13	257.941	0
0.0392143	1	0	4	2.86804e-13	604.636	0
0.0392143	1	0	8	4.89759e-13	1032.5	0
0.0392143	1	0	1	1.1847e-13	249.757	0
0.0392143	1	0	7	1.19033e-13	250.945	0
0.0392143	1	0	2	1.59095e-12	3354.02	0
0.0392143	1	0	9	2.94333e-13	620.508	0
0.0392143	1	0	13	2.30445e-13	485.82	0
0.0392143	1	0	6	1.54764e-13	326.272	0
0.0392143	1	0	11	1.83036e-13	385.873	0
0.0392143	1	0	12	3.81496e-13	804.263	0
0.0392143	1	0	5	1.33586e-13	281.624	0
0.0392143	1	0	3	2.79916e-13	590.115	0
0.0392143	1	0	10	1.19705e-13	252.36	0
0.0402143	1	0	14	1.22353e-13	257.943	0
0.0402143	1	0	4	2.86805e-13	604.637	0
0.0402143	1	0	8	4.89764e-13	1032.51	0
0.0402143	1	0	1	1.1847e-13	249.756	0
0.0402143	1	0	7	1.19033e-13	250.945	0
0.0402143	1	0	2	1.59092e-12	3353.95	0
0.0402143	1	0	9	2.94334e-13	620.511	0
0.0402143	1	0	13	2.30444e-13	485.819	0
0.0402143	1	0	6	1.54763e-13	326.269	0
0.0402143	1	0	11	1.83034e-13	385.869	0
0.0402143	1	0	12	3.81492e-13	804.256	0
0.0402143	1	0	5	1.33585e-13	281.622	0
0.0402143	1	0	3	2.79914e-13	590.11	0
0.0402143	1	0	10	1.19704e-13	252.359	0
0.0412143	1	0	14	1.22354e-13	257.944	0
0.0412143	1	0	4	2.86805e-13	604.639	0
0.0412143	1	0	8	4.89769e-13	1032.52	0
0.0412143	1	0	1	1.18469e-13	249.754	0
0.0412143	1	0	7	1.19033e-13	250.945	0
0.0412143	1	0	2	1.59089e-12	3353.89	0
0.0412143	1	0	9	2.94336e-13	620.514	0
0.0412143	1	0	13	2.30444e-13	485.818	0
0.0412143	1	0	6	1.54762e-13	326.267	0
0.0412143	1	0	11	1.83032e-13	385.866	0
0.0412143	1	0	12	3.81489e-13	804.25	0
0.0412143	1	0	5	1.33585e-13	281.621	0
0.0412143	1	0	3	2.79911e-13	590.105	0
0.0412143	1	0	10	1.19703e-13	252.357	0
0.0422143	1	0	14	1.22354e-13	257.946	0
0.0422143	1	0	4	2.86806e-13	604.64	0
0.0422143	1	0	8	4.89774e-13	1032.53	0
0.0422143	1	0	1	1.18468e-13	249.753	0
0.0422143	1	0	7	1.19033e-13	250.944	0
0.0422143	1	0	2	1.59085e-12	3353.82	0
0.0422143	1	0	9	2.94337e-13	620.517	0
0.0422143	1	0	13	2.30443e-13	485.816	0
0.0422143	1	0	6	1.54761e-13	326.265	0
0.0422143	1	0	11	1.83031e-13	385.863	0
0.0422143	1	0	12	3.81486e-13	804.243	0
0.0422143	1	0	5	1.33584e-13	281.62	0
0.0422143	1	0	3	2.79909e-13	590.1	0
0.0422143	1	0	10	1.19703e-13	252.355	0
0.0432143	1	0	14	1.22355e-13	257.947	0
0.0432143	1	0	4	2.86807e-13	604.642	0
0.0432143	1	0	8	4.89779e-13	1032.55	0
0.0432143	1	0	1	1.18468e-13	249.752	0
0.0432143	1	0	7	1.19033e-13	250.944	0
0.0432143	1	0	2	1.59082e-12	3353.75	0
0.0432143	1	0	9	2.94338e-13	620.52	0
0.0432143	1	0	13	2.30442e-13	485.815	0
0.0432143	1	0	6	1.5476e-13	326.263	0
0.0432143	1	0	11	1.83029e-13	385.859	0
0.0432143	1	0	12	3.81483e-13	804.236	0
0.0432143	1	0	5	1.33583e-13	281.618	0
0.0432143	1	0	3	2.79906e-13	590.095	0
0.0432143	1	0	10	1.19702e-13	252.354	0
0.0442143	1	0	14	1.22356e-13	257.949	0
0.0442143	1	0	4	2.86807e-13	604.643	0
0.0442143	1	0	8	4.89784e-13	1032.56	0
0.0442143	1	0	1	1.18467e-13	249.751	0
0.0442143	1	0	7	1.19033e-13	250.944	0
0.0442143	1	0	2	1.59079e-12	3353.68	0
0.0442143	1	0	9	2.9434e-13	620.523	0
0.0442143	1	0	13	2.30442e-13	485.814	0
0.0442143	1	0	6	1.54759e-13	326.26	0
0.0442143	1	0	11	1.83027e-13	385.856	0
0.0442143	1	0	12	3.8148e-13	804.23	0
0.0442143	1	0	5	1.33583e-13	281.617	0
0.0442143	1	0	3	2.79904e-13	590.09	0
0.0442143	1	0	10	1.19701e-13	252.352	0
0.0452143	1	0	14	1.22357e-13	257.95	0
0.0452143	1	0	4	2.86808e-13	604.644	0
0.0452143	1	0	8	4.89789e-13	1032.57	0
0.0452143	1	0	1	1.18466e-13	249.749	0
0.0452143	1	0	7	1.19033e-13	250.944	0
0.0452143	1	0	2	1.59076e-12	3353.61	0
0.0452143	1	0	9	2.94341e-13	620.526	0
0.0452143	1	0	13	2.30441e-13	485.813	0
0.0452143	1	0	6	1.54758e-13	326.258	0
0.0452143	1	0	11	1.83026e-13	385.852	0
0.0452143	1	0	12	3.81476e-13	804.223	0
0.0452143	1	0	5	1.33582e-13	281.616	0
0.0452143	1	0	3	2.79902e-13	590.084	0
0.0452143	1	0	10	1.197e-13	252.35	0
0.0462143	1	0	14	1.22357e-13	257.952	0
0.0462143	1	0	4	2.86809e-13	604.646	0
0.0462143	1	0	8	4.89794e-13	1032.58	0
0.0462143	1	0	1	1.18466e-13	249.748	0
0.0462143	1	0	7	1.19033e-13	250.944	0
0.0462143	1	0	2	1.59072e-12	3353.54	0
0.0462143	1	0	9	2.94343e-13	620.529	0
0.0462143	1	0	13	2.30441e-13	485.812	0
0.0462143	1	0	6	1.54757e-13	326.256	0
0.0462143	1	0	11	1.83024e-13	385.849	0
0.0462143	1	0	12	3.81473e-13	804.216	0
0.0462143	1	0	5	1.33582e-13	281.615	0
0.0462143	1	0	3	2.79899e-13	590.079	0
0.0462143	1	0	10	1.19699e-13	252.348	0
0.0472143	1	0	14	1.22358e-13	257.953	0
0.0472143	1	0	4	2.86809e-13	604.647	0
0.0472143	1	0	8	4.898e-13	1032.59	0
0.0472143	1	0	1	1.18465e-13	249.747	0
0.0472143	1	0	7	1.19033e-13	250.944	0
0.0472143	1	0	2	1.59069e-12	3353.47	0
0.0472143	1	0	9	2.94344e-13	620.532	0
0.0472143	1	0	13	2.3044e-13	485.811	0
0.0472143	1	0	6	1.54756e-13	326.254	0
0.0472143	1	0	11	1.83022e-13	385.845	0
0.0472143	1	0	12	3.8147e-13	804.209	0
0.0472143	1	0	5	1.33581e-13	281.613	0
0.0472143	1	0	3	2.79897e-13	590.074	0
0.0472143	1	0	10	1.19699e-13	252.347	0
0.0482143	1	0	14	1.22359e-13	257.955	0
0.0482143	1	0	4	2.8681e-13	604.649	0
0.0482143	1	0	8	4.89805e-13	1032.6	0
0.0482143	1	0	1	1.18465e-13	249.745	0
0.0482143	1	0	7	1.19033e-13	250.944	0
0.0482143	1	0	2	1.59066e-12	3353.4	0
0.0482143	1	0	9	2.94345e-13	620.535	0
0.0482143	1	0	13	2.3044e-13	485.81	0
0.0482143	1	0	6	1.54755e-13	326.251	0
0.0482143	1	0	11	1.83021e-13	385.842	0
0.0482143	1	0	12	3.81467e-13	804.203	0
0.0482143	1	0	5	1.3358e-13	281.612	0
0.0482143	1	0	3	2.79894e-13	590.069	0
0.0482143	1	0	10	1.19698e-13	252.345	0
0.0492143	1	0	14	1.22359e-13	257.956	0
0.0492143	1	0	4	2.86811e-13	604.65	0
0.0492143	1	0	8	4.8981e-13	1032.61	0
0.0492143	1	0	1	1.18464e-13	249.744	0
0.0492143	1	0	7	1.19033e-13	250.944	0
0.0492143	1	0	2	1.59063e-12	3353.34	0
0.0492143	1	0	9	2.94347e-13	620.538	0
0.0492143	1	0	13	2.30439e-13	485.808	0
0.0492143	1	0	6	1.54754e-13	326.249	0
0.0492143	1	0	11	1.83019e-13	385.838	0
0.0492143	1	0	12	3.81464e-13	804.196	0
0.0492143	1	0	5	1.3358e-13	281.611	0
0.0492143	1	0	3	2.79892e-13	590.064	0
0.0492143	1	0	10	1.19697e-13	252.343	0
0.0502143	1	0	14	1.2236e-13	257.958	0
0.0502143	1	0	4	2.86811e-13	604.651	0
0.0502143	1	0	8	4.89815e-13	1032.62	0
0.0502143	1	0	1	1.18463e-13	249.743	0
0.0502143	1	0	7	1.19033e-13	250.944	0
0.0502143	1	0	2	1.59059e-12	3353.27	0
0.0502143	1	0	9	2.94348e-13	620.541	0
0.0502143	1	0	13	2.30439e-13	485.807	0
0.0502143	1	0	6	1.54752e-13	326.247	0
0.0502143	1	0	11	1.83018e-13	385.835	0
0.0502143	1	0	12	3.8146e-13	804.189	0
0.0502143	1	0	5	1.33579e-13	281.609	0
0.0502143	1	0	3	2.79889e-13	590.059	0
0.0502143	1	0	10	1.19696e-13	252.342	0
0.0512143	1	0	14	1.22361e-13	257.959	0
0.0512143	1	0	4	2.86812e-13	604.653	0
0.0512143	1	0	8	4.8982e-13	1032.63	0
0.0512143	1	0	1	1.18463e-13	249.741	0
0.0512143	1	0	7	1.19033e-13	250.944	0
0.0512143	1	0	2	1.59056e-12	3353.2	0
0.0512143	1	0	9	2.9435e-13	620.543	0
0.0512143	1	0	13	2.30438e-13	485.806	0
0.0512143	1	0	6	1.54751e-13	326.245	0
0.0512143	1	0	11	1.83016e-13	385.831	0
0.0512143	1	0	12	3.81457e-13	804.182	0
0.0512143	1	0	5	1.33578e-13	281.608	0
0.0512143	1	0	3	2.79887e-13	590.053	0
0.0512143	1	0	10	1.19695e-13	252.34	0
0.0522143	1	0	14	1.22361e-13	257.961	0
0.0522143	1	0	4	2.86813e-13	604.654	0
0.0522143	1	0	8	4.89825e-13	1032.64	0
0.0522143	1	0	1	1.18462e-13	249.74	0
0.0522143	1	0	7	1.19033e-13	250.944	0
0.0522143	1	0	2	1.59053e-12	3353.13	0
0.0522143	1	0	9	2.94351e-13	620.546	0
0.0522143	1	0	13	2.30437e-13	485.805	0
0.0522143	1	0	6	1.5475e-13	326.242	0
0.0522143	1	0	11	1.83014e-13	385.828	0
0.0522143	1	0	12	3.81454e-13	804.176	0
0.0522143	1	0	5	1.33578e-13	281.607	0
0.0522143	1	0	3	2.79884e-13	590.048	0
0.0522143	1	0	10	1.19695e-13	252.338	0
0.0532143	1	0	14	1.22362e-13	257.962	0
0.0532143	1	0	4	2.86813e-13	604.656	0
0.0532143	1	0	8	4.8983e-13	1032.65	0
0.0532143	1	0	1	1.18462e-13	249.739	0
0.0532143	1	0	7	1.19033e-13	250.944	0
0.0532143	1	0	2	1.5905e-12	3353.06	0
0.0532143	1	0	9	2.94352e-13	620.549	0
0.0532143	1	0	13	2.30437e-13	485.804	0
0.0532143	1	0	6	1.54749e-13	326.24	0
0.0532143	1	0	11	1.83013e-13	385.825	0
0.0532143	1	0	12	3.81451e-13	804.169	0
0.0532143	1	0	5	1.33577e-13	281.605	0
0.0532143	1	0	3	2.79882e-13	590.043	0
0.0532143	1	0	10	1.19694e-13	252.336	0
0.0542143	1	0	14	1.22363e-13	257.963	0
0.0542143	1	0	4	2.86814e-13	604.657	0
0.0542143	1	0	8	4.89835e-13	1032.66	0
0.0542143	1	0	1	1.18461e-13	249.738	0
0.0542143	1	0	7	1.19033e-13	250.944	0
0.0542143	1	0	2	1.59046e-12	3352.99	0
0.0542143	1	0	9	2.94354e-13	620.552	0
0.0542143	1	0	13	2.30436e-13	485.803	0
0.0542143	1	0	6	1.54748e-13	326.238	0
0.0542143	1	0	11	1.83011e-13	385.821	0
0.0542143	1	0	12	3.81448e-13	804.162	0
0.0542143	1	0	5	1.33577e-13	281.604	0
0.0542143	1	0	3	2.7988e-13	590.038	0
0.0542143	1	0	10	1.19693e-13	252.335	0
0.0552143	1	0	14	1.22364e-13	257.965	0
0.0552143	1	0	4	2.86815e-13	604.658	0
0.0552143	1	0	8	4.8984e-13	1032.67	0
0.0552143	1	0	1	1.1846e-13	249.736	0
0.0552143	1	0	7	1.19033e-13	250.944	0
0.0552143	1	0	2	1.59043e-12	3352.92	0
0.0552143	1	0	9	2.94355e-13	620.555	0
0.0552143	1	0	13	2.30436e-13	485.801	0
0.0552143	1	0	6	1.54747e-13	326.236	0
0.0552143	1	0	11	1.83009e-13	385.818	0
0.0552143	1	0	12	3.81444e-13	804.155	0
0.0552143	1	0	5	1.33576e-13	281.603	0
0.0552143	1	0	3	2.79877e-13	590.033	0
0.0552143	1	0	10	1.19692e-13	252.333	0
0.0562143	1	0	14	1.22364e-13	257.966	0
0.0562143	1	0	4	2.86815e-13	604.66	0
0.0562143	1	0	8	4.89845e-13	1032.68	0
0.0562143	1	0	1	1.1846e-13	249.735	0
0.0562143	1	0	7	1.19033e-13	250.944	0
0.0562143	1	0	2	1.5904e-12	3352.86	0
0.0562143	1	0	9	2.94357e-13	620.558	0
0.0562143	1	0	13	2.30435e-13	485.8	0
0.0562143	1	0	6	1.54746e-13	326.233	0
0.0562143	1	0	11	1.83008e-13	385.814	0
0.0562143	1	0	12	3.81441e-13	804.149	0
0.0562143	1	0	5	1.33575e-13	281.602	0
0.0562143	1	0	3	2.79875e-13	590.028	0
0.0562143	1	0	10	1.19691e-13	252.331	0
0.0572143	1	0	14	1.22365e-13	257.968	0
0.0572143	1	0	4	2.86816e-13	604.661	0
0.0572143	1	0	8	4.89851e-13	1032.7	0
0.0572143	1	0	1	1.18459e-13	249.734	0
0.0572143	1	0	7	1.19033e-13	250.944	0
0.0572143	1	0	2	1.59037e-12	3352.79	0
0.0572143	1	0	9	2.94358e-13	620.561	0
0.0572143	1	0	13	2.30435e-13	485.799	0
0.0572143	1	0	6	1.54745e-13	326.231	0
0.0572143	1	0	11	1.83006e-13	385.811	0
0.0572143	1	0	12	3.81438e-13	804.142	0
0.0572143	1	0	5	1.33575e-13	281.6	0
0.0572143	1	0	3	2.79872e-13	590.022	0
0.0572143	1	0	10	1.1969e-13	252.33	0
0.0582143	1	0	14	1.22366e-13	257.969	0
0.0582143	1	0	4	2.86817e-13	604.663	0
0.0582143	1	0	8	4.89856e-13	1032.71	0
0.0582143	1	0	1	1.18458e-13	249.732	0
0.0582143	1	0	7	1.19033e-13	250.944	0
0.0582143	1	0	2	1.59033e-12	3352.72	0
0.0582143	1	0	9	2.94359e-13	620.564	0
0.0582143	1	0	13	2.30434e-13	485.798	0
0.0582143	1	0	6	1.54744e-13	326.229	0
0.0582143	1	0	11	1.83004e-13	385.807	0
0.0582143	1	0	12	3.81435e-13	804.135	0
0.0582143	1	0	5	1.33574e-13	281.599	0
0.0582143	1	0	3	2.7987e-13	590.017	0
0.0582143	1	0	10	1.1969e-13	252.328	0
0.0592143	1	0	14	1.22366e-13	257.971	0
0.0592143	1	0	4	2.86817e-13	604.664	0
0.0592143	1	0	8	4.89861e-13	1032.72	0
0.0592143	1	0	1	1.18458e-13	249.731	0
0.0592143	1	0	7	1.19033e-13	250.944	0
0.0592143	1	0	2	1.5903e-12	3352.65	0
0.0592143	1	0	9	2.94361e-13	620.567	0
0.0592143	1	0	13	2.30434e-13	485.797	0
0.0592143	1	0	6	1.54743e-13	326.227	0
0.0592143	1	0	11	1.83003e-13	385.804	0
0.0592143	1	0	12	3.81432e-13	804.129	0
0.0592143	1	0	5	1.33574e-13	281.598	0
0.0592143	1	0	3	2.79867e-13	590.012	0
0.0592143	1	0	10	1.19689e-13	252.326	0
0.0602143	1	0	14	1.22367e-13	257.972	0
0.0602143	1	0	4	2.86818e-13	604.665	0
0.0602143	1	0	8	4.89866e-13	1032.73	0
0.0602143	1	0	1	1.18457e-13	249.73	0
0.0602143	1	0	7	1.19033e-13	250.944	0
0.0602143	1	0	2	1.59027e-12	3352.58	0
0.0602143	1	0	9	2.94362e-13	620.57	0
0.0602143	1	0	13	2.30433e-13	485.796	0
0.0602143	1	0	6	1.54742e-13	326.224	0
0.0602143	1	0	11	1.83001e-13	385.8	0
0.0602143	1	0	12	3.81428e-13	804.122	0
0.0602143	1	0	5	1.33573e-13	281.596	0
0.0602143	1	0	3	2.79865e-13	590.007	0
0.0602143	1	0	10	1.19688e-13	252.324	0
0.0612143	1	0	14	1.22368e-13	257.974	0
0.0612143	1	0	4	2.86819e-13	604.667	0
0.0612143	1	0	8	4.89871e-13	1032.74	0
0.0612143	1	0	1	1.18457e-13	249.728	0
0.0612143	1	0	7	1.19033e-13	250.943	0
0.0612143	1	0	2	1.59024e-12	3352.51	0
0.0612143	1	0	9	2.94364e-13	620.573	0
0.0612143	1	0	13	2.30433e-13	485.794	0
0.0612143	1	0	6	1.54741e-13	326.222	0
0.0612143	1	0	11	1.83e-13	385.797	0
0.0612143	1	0	12	3.81425e-13	804.115	0
0.0612143	1	0	5	1.33572e-13	281.595	0
0.0612143	1	0	3	2.79862e-13	590.002	0
0.0612143	1	0	10	1.19687e-13	252.323	0
0.0622143	1	0	14	1.22368e-13	257.975	0
0.0622143	1	0	4	2.86819e-13	604.668	0
0.0622143	1	0	8	4.89876e-13	1032.75	0
0.0622143	1	0	1	1.18456e-13	249.727	0
0.0622143	1	0	7	1.19033e-13	250.943	0
0.0622143	1	0	2	1.5902e-12	3352.44	0
0.0622143	1	0	9	2.94365e-13	620.576	0
0.0622143	1	0	13	2.30432e-13	485.793	0
0.0622143	1	0	6	1.5474e-13	326.22	0
0.0622143	1	0	11	1.82998e-13	385.793	0
0.0622143	1	0	12	3.81422e-13	804.108	0
0.0622143	1	0	5	1.33572e-13	281.594	0
0.0622143	1	0	3	2.7986e-13	589.997	0
0.0622143	1	0	10	1.19686e-13	252.321	0
0.0632143	1	0	14	1.22369e-13	257.977	0
0.0632143	1	0	4	2.8682e-13	604.67	0
0.0632143	1	0	8	4.89881e-13	1032.76	0
0.0632143	1	0	1	1.18455e-13	249.726	0
0.0632143	1	0	7	1.19033e-13	250.943	0
0.0632143	1	0	2	1.59017e-12	3352.37	0
0.0632143	1	0	9	2.94366e-13	620.579	0
0.0632143	1	0	13	2.30431e-13	485.792	0
0.0632143	1	0	6	1.54739e-13	326.218	0
0.0632143	1	0	11	1.82996e-13	385.79	0
0.0632143	1	0	12	3.81419e-13	804.102	0
0.0632143	1	0	5	1.33571e-13	281.592	0
0.0632143	1	0	3	2.79857e-13	589.991	0
0.0632143	1	0	10	1.19686e-13	252.319	0
0.0642143	1	0	14	1.2237e-13	257.978	0
0.0642143	1	0	4	2.86821e-13	604.671	0
0.0642143	1	0	8	4.89886e-13	1032.77	0
0.0642143	1	0	1	1.18455e-13	249.725	0
0.0642143	1	0	7	1.19033e-13	250.943	0
0.0642143	1	0	2	1.59014e-12	3352.31	0
0.0642143	1	0	9	2.94368e-13	620.582	0
0.0642143	1	0	13	2.30431e-13	485.791	0
0.0642143	1	0	6	1.54738e-13	326.215	0
0.0642143	1	0	11	1.82995e-13	385.787	0
0.0642143	1	0	12	3.81416e-13	804.095	0
0.0642143	1	0	5	1.3357e-13	281.591	0
0.0642143	1	0	3	2.79855e-13	589.986	0
0.0642143	1	0	10	1.19685e-13	252.318	0
0.0652143	1	0	14	1.2237e-13	257.98	0
0.0652143	1	0	4	2.86821e-13	604.672	0
0.0652143	1	0	8	4.89891e-13	1032.78	0
0.0652143	1	0	1	1.18454e-13	249.723	0
0.0652143	1	0	7	1.19033e-13	250.943	0
0.0652143	1	0	2	1.59011e-12	3352.24	0
0.0652143	1	0	9	2.94369e-13	620.584	0
0.0652143	1	0	13	2.3043e-13	485.79	0
0.0652143	1	0	6	1.54736e-13	326.213	0
0.0652143	1	0	11	1.82993e-13	385.783	0
0.0652143	1	0	12	3.81413e-13	804.088	0
0.0652143	1	0	5	1.3357e-13	281.59	0
0.0652143	1	0	3	2.79853e-13	589.981	0
0.0652143	1	0	10	1.19684e-13	252.316	0
0.0662143	1	0	14	1.22371e-13	257.981	0
0.0662143	1	0	4	2.86822e-13	604.674	0
0.0662143	1	0	8	4.89896e-13	1032.79	0
0.0662143	1	0	1	1.18454e-13	249.722	0
0.0662143	1	0	7	1.19033e-13	250.943	0
0.0662143	1	0	2	1.59007e-12	3352.17	0
0.0662143	1	0	9	2.9437e-13	620.587	0
0.0662143	1	0	13	2.3043e-13	485.789	0
0.0662143	1	0	6	1.54735e-13	326.211	0
0.0662143	1	0	11	1.82991e-13	385.78	0
0.0662143	1	0	12	3.81409e-13	804.081	0
0.0662143	1	0	5	1.33569e-13	281.589	0
0.0662143	1	0	3	2.7985e-13	589.976	0
0.0662143	1	0	10	1.19683e-13	252.314	0
0.0672143	1	0	14	1.22372e-13	257.983	0
0.0672143	1	0	4	2.86823e-13	604.675	0
0.0672143	1	0	8	4.89901e-13	1032.8	0
0.0672143	1	0	1	1.18453e-13	249.721	0
0.0672143	1	0	7	1.19033e-13	250.943	0
0.0672143	1	0	2	1.59004e-12	3352.1	0
0.0672143	1	0	9	2.94372e-13	620.59	0
0.0672143	1	0	13	2.30429e-13	485.788	0
0.0672143	1	0	6	1.54734e-13	326.209	0
0.0672143	1	0	11	1.8299e-13	385.776	0
0.0672143	1	0	12	3.81406e-13	804.075	0
0.0672143	1	0	5	1.33569e-13	281.587	0
0.0672143	1	0	3	2.79848e-13	589.971	0
0.0672143	1	0	10	1.19682e-13	252.313	0
0.0682143	1	0	14	1.22373e-13	257.984	0
0.0682143	1	0	4	2.86823e-13	604.677	0
0.0682143	1	0	8	4.89907e-13	1032.81	0
0.0682143	1	0	1	1.18452e-13	249.719	0
0.0682143	1	0	7	1.19033e-13	250.943	0
0.0682143	1	0	2	1.59001e-12	3352.03	0
0.0682143	1	0	9	2.94373e-13	620.593	0
0.0682143	1	0	13	2.30429e-13	485.786	0
0.0682143	1	0	6	1.54733e-13	326.206	0
0.0682143	1	0	11	1.82988e-13	385.773	0
0.0682143	1	0	12	3.81403e-13	804.068	0
0.0682143	1	0	5	1.33568e-13	281.586	0
0.0682143	1	0	3	2.79845e-13	589.966	0
0.0682143	1	0	10	1.19682e-13	252.311	0
0.0692143	1	0	14	1.22373e-13	257.986	0
0.0692143	1	0	4	2.86824e-13	604.678	0
0.0692143	1	0	8	4.89912e-13	1032.82	0
0.0692143	1	0	1	1.18452e-13	249.718	0
0.0692143	1	0	7	1.19033e-13	250.943	0
0.0692143	1	0	2	1.58998e-12	3351.96	0
0.0692143	1	0	9	2.94375e-13	620.596	0
0.0692143	1	0	13	2.30428e-13	485.785	0
0.0692143	1	0	6	1.54732e-13	326.204	0
0.0692143	1	0	11	1.82986e-13	385.769	0
0.0692143	1	0	12	3.814e-13	804.061	0
0.0692143	1	0	5	1.33567e-13	281.585	0
0.0692143	1	0	3	2.79843e-13	589.96	0
0.0692143	1	0	10	1.19681e-13	252.309	0
0.0702143	1	0	14	1.22374e-13	257.987	0
0.0702143	1	0	4	2.86825e-13	604.679	0
0.0702143	1	0	8	4.89917e-13	1032.84	0
0.0702143	1	0	1	1.18451e-13	249.717	0
0.0702143	1	0	7	1.19033e-13	250.943	0
0.0702143	1	0	2	1.58994e-12	3351.89	0
0.0702143	1	0	9	2.94376e-13	620.599	0
0.0702143	1	0	13	2.30428e-13	485.784	0
0.0702143	1	0	6	1.54731e-13	326.202	0
0.0702143	1	0	11	1.82985e-13	385.766	0
0.0702143	1	0	12	3.81397e-13	804.054	0
0.0702143	1	0	5	1.33567e-13	281.583	0
0.0702143	1	0	3	2.7984e-13	589.955	0
0.0702143	1	0	10	1.1968e-13	252.307	0
0.0712143	1	0	14	1.22375e-13	257.988	0
0.0712143	1	0	4	2.86825e-13	604.681	0
0.0712143	1	0	8	4.89922e-13	1032.85	0
0.0712143	1	0	1	1.1845e-13	249.715	0
0.0712143	1	0	7	1.19033e-13	250.943	0
0.0712143	1	0	2	1.58991e-12	3351.83	0
0.0712143	1	0	9	2.94377e-13	620.602	0
0.0712143	1	0	13	2.30427e-13	485.783	0
0.0712143	1	0	6	1.5473e-13	326.2	0
0.0712143	1	0	11	1.82983e-13	385.762	0
0.0712143	1	0	12	3.81393e-13	804.048	0
0.0712143	1	0	5	1.33566e-13	281.582	0
0.0712143	1	0	3	2.79838e-13	589.95	0
0.0712143	1	0	10	1.19679e-13	252.306	0
0.0722143	1	0	14	1.22375e-13	257.99	0
0.0722143	1	0	4	2.86826e-13	604.682	0
0.0722143	1	0	8	4.89927e-13	1032.86	0
0.0722143	1	0	1	1.1845e-13	249.714	0
0.0722143	1	0	7	1.19033e-13	250.943	0
0.0722143	1	0	2	1.58988e-12	3351.76	0
0.0722143	1	0	9	2.94379e-13	620.605	0
0.0722143	1	0	13	2.30427e-13	485.782	0
0.0722143	1	0	6	1.54729e-13	326.197	0
0.0722143	1	0	11	1.82982e-13	385.759	0
0.0722143	1	0	12	3.8139e-13	804.041	0
0.0722143	1	0	5	1.33566e-13	281.581	0
0.0722143	1	0	3	2.79835e-13	589.945	0
0.0722143	1	0	10	1.19678e-13	252.304	0
0.0732143	1	0	14	1.22376e-13	257.991	0
0.0732143	1	0	4	2.86827e-13	604.684	0
0.0732143	1	0	8	4.89932e-13	1032.87	0
0.0732143	1	0	1	1.18449e-13	249.713	0
0.0732143	1	0	7	1.19033e-13	250.943	0
0.0732143	1	0	2	1.58985e-12	3351.69	0
0.0732143	1	0	9	2.9438e-13	620.608	0
0.0732143	1	0	13	2.30426e-13	485.781	0
0.0732143	1	0	6	1.54728e-13	326.195	0
0.0732143	1	0	11	1.8298e-13	385.756	0
0.0732143	1	0	12	3.81387e-13	804.034	0
0.0732143	1	0	5	1.33565e-13	281.58	0
0.0732143	1	0	3	2.79833e-13	589.94	0
0.0732143	1	0	10	1.19677e-13	252.302	0
0.0742143	1	0	14	1.22377e-13	257.993	0
0.0742143	1	0	4	2.86827e-13	604.685	0
0.0742143	1	0	8	4.89937e-13	1032.88	0
0.0742143	1	0	1	1.18449e-13	249.712	0
0.0742143	1	0	7	1.19033e-13	250.943	0
0.0742143	1	0	2	1.58981e-12	3351.62	0
0.0742143	1	0	9	2.94382e-13	620.611	0
0.0742143	1	0	13	2.30425e-13	485.779	0
0.0742143	1	0	6	1.54727e-13	326.193	0
0.0742143	1	0	11	1.82978e-13	385.752	0
0.0742143	1	0	12	3.81384e-13	804.028	0
0.0742143	1	0	5	1.33564e-13	281.578	0
0.0742143	1	0	3	2.79831e-13	589.935	0
0.0742143	1	0	10	1.19677e-13	252.301	0
0.0752143	1	0	14	1.22377e-13	257.994	0
0.0752143	1	0	4	2.86828e-13	604.686	0
0.0752143	1	0	8	4.89942e-13	1032.89	0
0.0752143	1	0	1	1.18448e-13	249.71	0
0.0752143	1	0	7	1.19033e-13	250.943	0
0.0752143	1	0	2	1.58978e-12	3351.55	0
0.0752143	1	0	9	2.94383e-13	620.614	0
0.0752143	1	0	13	2.30425e-13	485.778	0
0.0752143	1	0	6	1.54726e-13	326.191	0
0.0752143	1	0	11	1.82977e-13	385.749	0
0.0752143	1	0	12	3.81381e-13	804.021	0
0.0752143	1	0	5	1.33564e-13	281.577	0
0.0752143	1	0	3	2.79828e-13	589.929	0
0.0752143	1	0	10	1.19676e-13	252.299	0
0.0762143	1	0	14	1.22378e-13	257.996	0
0.0762143	1	0	4	2.86829e-13	604.688	0
0.0762143	1	0	8	4.89947e-13	1032.9	0
0.0762143	1	0	1	1.18447e-13	249.709	0
0.0762143	1	0	7	1.19033e-13	250.943	0
0.0762143	1	0	2	1.58975e-12	3351.48	0
0.0762143	1	0	9	2.94384e-13	620.617	0
0.0762143	1	0	13	2.30424e-13	485.777	0
0.0762143	1	0	6	1.54725e-13	326.188	0
0.0762143	1	0	11	1.82975e-13	385.745	0
0.0762143	1	0	12	3.81377e-13	804.014	0
0.0762143	1	0	5	1.33563e-13	281.576	0
0.0762143	1	0	3	2.79826e-13	589.924	0
0.0762143	1	0	10	1.19675e-13	252.297	0
0.0772143	1	0	14	1.22379e-13	257.997	0
0.0772143	1	0	4	2.86829e-13	604.689	0
0.0772143	1	0	8	4.89952e-13	1032.91	0
0.0772143	1	0	1	1.18447e-13	249.708	0
0.0772143	1	0	7	1.19033e-13	250.943	0
0.0772143	1	0	2	1.58972e-12	3351.41	0
0.0772143	1	0	9	2.94386e-13	620.62	0
0.0772143	1	0	13	2.30424e-13	485.776	0
0.0772143	1	0	6	1.54724e-13	326.186	0
0.0772143	1	0	11	1.82973e-13	385.742	0
0.0772143	1	0	12	3.81374e-13	804.007	0
0.0772143	1	0	5	1.33562e-13	281.574	0
0.0772143	1	0	3	2.79823e-13	589.919	0
0.0772143	1	0	10	1.19674e-13	252.295	0
0.0782143	1	0	14	1.2238e-13	257.999	0
0.0782143	1	0	4	2.8683e-13	604.691	0
0.0782143	1	0	8	4.89957e-13	1032.92	0
0.0782143	1	0	1	1.18446e-13	249.706	0
0.0782143	1	0	7	1.19033e-13	250.943	0
0.0782143	1	0	2	1.58968e-12	3351.35	0
0.0782143	1	0	9	2.94387e-13	620.623	0
0.0782143	1	0	13	2.30423e-13	485.775	0
0.0782143	1	0	6	1.54723e-13	326.184	0
0.0782143	1	0	11	1.82972e-13	385.738	0
0.0782143	1	0	12	3.81371e-13	804.001	0
0.0782143	1	0	5	1.33562e-13	281.573	0
0.0782143	1	0	3	2.79821e-13	589.914	0
0.0782143	1	0	10	1.19673e-13	252.294	0
0.0792143	1	0	14	1.2238e-13	258	0
0.0792143	1	0	4	2.86831e-13	604.692	0
0.0792143	1	0	8	4.89963e-13	1032.93	0
0.0792143	1	0	1	1.18446e-13	249.705	0
0.0792143	1	0	7	1.19032e-13	250.943	0
0.0792143	1	0	2	1.58965e-12	3351.28	0
0.0792143	1	0	9	2.94389e-13	620.625	0
0.0792143	1	0	13	2.30423e-13	485.774	0
0.0792143	1	0	6	1.54722e-13	326.182	0
0.0792143	1	0	11	1.8297e-13	385.735	0
0.0792143	1	0	12	3.81368e-13	803.994	0
0.0792143	1	0	5	1.33561e-13	281.572	0
0.0792143	1	0	3	2.79818e-13	589.909	0
0.0792143	1	0	10	1.19673e-13	252.292	0
0.0802143	1	0	14	1.22381e-13	258.002	0
0.0802143	1	0	4	2.86831e-13	604.693	0
0.0802143	1	0	8	4.89968e-13	1032.94	0
0.0802143	1	0	1	1.18445e-13	249.704	0
0.0802143	1	0	7	1.19032e-13	250.942	0
0.0802143	1	0	2	1.58962e-12	3351.21	0
0.0802143	1	0	9	2.9439e-13	620.628	0
0.0802143	1	0	13	2.30422e-13	485.773	0
0.0802143	1	0	6	1.54721e-13	326.18	0
0.0802143	1	0	11	1.82968e-13	385.731	0
0.0802143	1	0	12	3.81365e-13	803.987	0
0.0802143	1	0	5	1.33561e-13	281.57	0
0.0802143	1	0	3	2.79816e-13	589.904	0
0.0802143	1	0	10	1.19672e-13	252.29	0
0.0812143	1	0	14	1.22382e-13	258.003	0
0.0812143	1	0	4	2.86832e-13	604.695	0
0.0812143	1	0	8	4.89973e-13	1032.95	0
0.0812143	1	0	1	1.18444e-13	249.702	0
0.0812143	1	0	7	1.19032e-13	250.942	0
0.0812143	1	0	2	1.58958e-12	3351.14	0
0.0812143	1	0	9	2.94391e-13	620.631	0
0.0812143	1	0	13	2.30422e-13	485.771	0
0.0812143	1	0	6	1.54719e-13	326.177	0
0.0812143	1	0	11	1.82967e-13	385.728	0
0.0812143	1	0	12	3.81361e-13	803.98	0
0.0812143	1	0	5	1.3356e-13	281.569	0
0.0812143	1	0	3	2.79813e-13	589.898	0
0.0812143	1	0	10	1.19671e-13	252.289	0
0.0822143	1	0	14	1.22382e-13	258.005	0
0.0822143	1	0	4	2.86833e-13	604.696	0
0.0822143	1	0	8	4.89978e-13	1032.96	0
0.0822143	1	0	1	1.18444e-13	249.701	0
0.0822143	1	0	7	1.19032e-13	250.942	0
0.0822143	1	0	2	1.58955e-12	3351.07	0
0.0822143	1	0	9	2.94393e-13	620.634	0
0.0822143	1	0	13	2.30421e-13	485.77	0
0.0822143	1	0	6	1.54718e-13	326.175	0
0.0822143	1	0	11	1.82965e-13	385.724	0
0.0822143	1	0	12	3.81358e-13	803.974	0
0.0822143	1	0	5	1.33559e-13	281.568	0
0.0822143	1	0	3	2.79811e-13	589.893	0
0.0822143	1	0	10	1.1967e-13	252.287	0
0.0832143	1	0	14	1.22383e-13	258.006	0
0.0832143	1	0	4	2.86833e-13	604.698	0
0.0832143	1	0	8	4.89983e-13	1032.97	0
0.0832143	1	0	1	1.18443e-13	249.7	0
0.0832143	1	0	7	1.19032e-13	250.942	0
0.0832143	1	0	2	1.58952e-12	3351	0
0.0832143	1	0	9	2.94394e-13	620.637	0
0.0832143	1	0	13	2.30421e-13	485.769	0
0.0832143	1	0	6	1.54717e-13	326.173	0
0.0832143	1	0	11	1.82964e-13	385.721	0
0.0832143	1	0	12	3.81355e-13	803.967	0
0.0832143	1	0	5	1.33559e-13	281.567	0
0.0832143	1	0	3	2.79808e-13	589.888	0
0.0832143	1	0	10	1.19669e-13	252.285	0
0.0842143	1	0	14	1.22384e-13	258.008	0
0.0842143	1	0	4	2.86834e-13	604.699	0
0.0842143	1	0	8	4.89988e-13	1032.99	0
0.0842143	1	0	1	1.18442e-13	249.699	0
0.0842143	1	0	7	1.19032e-13	250.942	0
0.0842143	1	0	2	1.58949e-12	3350.93	0
0.0842143	1	0	9	2.94395e-13	620.64	0
0.0842143	1	0	13	2.3042e-13	485.768	0
0.0842143	1	0	6	1.54716e-13	326.171	0
0.0842143	1	0	11	1.82962e-13	385.718	0
0.0842143	1	0	12	3.81352e-13	803.96	0
0.0842143	1	0	5	1.33558e-13	281.565	0
0.0842143	1	0	3	2.79806e-13	589.883	0
0.0842143	1	0	10	1.19669e-13	252.283	0
0.0852143	1	0	14	1.22384e-13	258.009	0
0.0852143	1	0	4	2.86835e-13	604.7	0
0.0852143	1	0	8	4.89993e-13	1033	0
0.0852143	1	0	1	1.18442e-13	249.697	0
0.0852143	1	0	7	1.19032e-13	250.942	0
0.0852143	1	0	2	1.58945e-12	3350.86	0
0.0852143	1	0	9	2.94397e-13	620.643	0
0.0852143	1	0	13	2.30419e-13	485.767	0
0.0852143	1	0	6	1.54715e-13	326.168	0
0.0852143	1	0	11	1.8296e-13	385.714	0
0.0852143	1	0	12	3.81349e-13	803.954	0
0.0852143	1	0	5	1.33557e-13	281.564	0
0.0852143	1	0	3	2.79804e-13	589.878	0
0.0852143	1	0	10	1.19668e-13	252.282	0
0.0862143	1	0	14	1.22385e-13	258.011	0
0.0862143	1	0	4	2.86835e-13	604.702	0
0.0862143	1	0	8	4.89998e-13	1033.01	0
0.0862143	1	0	1	1.18441e-13	249.696	0
0.0862143	1	0	7	1.19032e-13	250.942	0
0.0862143	1	0	2	1.58942e-12	3350.8	0
0.0862143	1	0	9	2.94398e-13	620.646	0
0.0862143	1	0	13	2.30419e-13	485.766	0
0.0862143	1	0	6	1.54714e-13	326.166	0
0.0862143	1	0	11	1.82959e-13	385.711	0
0.0862143	1	0	12	3.81345e-13	803.947	0
0.0862143	1	0	5	1.33557e-13	281.563	0
0.0862143	1	0	3	2.79801e-13	589.873	0
0.0862143	1	0	10	1.19667e-13	252.28	0
0.0872143	1	0	14	1.22386e-13	258.012	0
0.0872143	1	0	4	2.86836e-13	604.703	0
0.0872143	1	0	8	4.90003e-13	1033.02	0
0.0872143	1	0	1	1.18441e-13	249.695	0
0.0872143	1	0	7	1.19032e-13	250.942	0
0.0872143	1	0	2	1.58939e-12	3350.73	0
0.0872143	1	0	9	2.944e-13	620.649	0
0.0872143	1	0	13	2.30418e-13	485.764	0
0.0872143	1	0	6	1.54713e-13	326.164	0
0.0872143	1	0	11	1.82957e-13	385.707	0
0.0872143	1	0	12	3.81342e-13	803.94	0
0.0872143	1	0	5	1.33556e-13	281.561	0
0.0872143	1	0	3	2.79799e-13	589.867	0
0.0872143	1	0	10	1.19666e-13	252.278	0
0.0882143	1	0	14	1.22387e-13	258.014	0
0.0882143	1	0	4	2.86837e-13	604.704	0
0.0882143	1	0	8	4.90008e-13	1033.03	0
0.0882143	1	0	1	1.1844e-13	249.693	0
0.0882143	1	0	7	1.19032e-13	250.942	0
0.0882143	1	0	2	1.58936e-12	3350.66	0
0.0882143	1	0	9	2.94401e-13	620.652	0
0.0882143	1	0	13	2.30418e-13	485.763	0
0.0882143	1	0	6	1.54712e-13	326.162	0
0.0882143	1	0	11	1.82955e-13	385.704	0
0.0882143	1	0	12	3.81339e-13	803.933	0
0.0882143	1	0	5	1.33556e-13	281.56	0
0.0882143	1	0	3	2.79796e-13	589.862	0
0.0882143	1	0	10	1.19665e-13	252.277	0
0.0892143	1	0	14	1.22387e-13	258.015	0
0.0892143	1	0	4	2.86837e-13	604.706	0
0.0892143	1	0	8	4.90013e-13	1033.04	0
0.0892143	1	0	1	1.18439e-13	249.692	0
0.0892143	1	0	7	1.19032e-13	250.942	0
0.0892143	1	0	2	1.58932e-12	3350.59	0
0.0892143	1	0	9	2.94402e-13	620.655	0
0.0892143	1	0	13	2.30417e-13	485.762	0
0.0892143	1	0	6	1.54711e-13	326.159	0
0.0892143	1	0	11	1.82954e-13	385.7	0
0.0892143	1	0	12	3.81336e-13	803.927	0
0.0892143	1	0	5	1.33555e-13	281.559	0
0.0892143	1	0	3	2.79794e-13	589.857	0
0.0892143	1	0	10	1.19664e-13	252.275	0
0.0902143	1	0	14	1.22388e-13	258.016	0
0.0902143	1	0	4	2.86838e-13	604.707	0
0.0902143	1	0	8	4.90019e-13	1033.05	0
0.0902143	1	0	1	1.18439e-13	249.691	0
0.0902143	1	0	7	1.19032e-13	250.942	0
0.0902143	1	0	2	1.58929e-12	3350.52	0
0.0902143	1	0	9	2.94404e-13	620.658	0
0.0902143	1	0	13	2.30417e-13	485.761	0
0.0902143	1	0	6	1.5471e-13	326.157	0
0.0902143	1	0	11	1.82952e-13	385.697	0
0.0902143	1	0	12	3.81333e-13	803.92	0
0.0902143	1	0	5	1.33554e-13	281.557	0
0.0902143	1	0	3	2.79791e-13	589.852	0
0.0902143	1	0	10	1.19664e-13	252.273	0
0.0912143	1	0	14	1.22389e-13	258.018	0
0.0912143	1	0	4	2.86839e-13	604.709	0
0.0912143	1	0	8	4.90024e-13	1033.06	0
0.0912143	1	0	1	1.18438e-13	249.689	0
0.0912143	1	0	7	1.19032e-13	250.942	0
0.0912143	1	0	2	1.58926e-12	3350.45	0
0.0912143	1	0	9	2.94405e-13	620.661	0
0.0912143	1	0	13	2.30416e-13	485.76	0
0.0912143	1	0	6	1.54709e-13	326.155	0
0.0912143	1	0	11	1.8295e-13	385.693	0
0.0912143	1	0	12	3.81329e-13	803.913	0
0.0912143	1	0	5	1.33554e-13	281.556	0
0.0912143	1	0	3	2.79789e-13	589.847	0
0.0912143	1	0	10	1.19663e-13	252.271	0
0.0922143	1	0	14	1.22389e-13	258.019	0
0.0922143	1	0	4	2.86839e-13	604.71	0
0.0922143	1	0	8	4.90029e-13	1033.07	0
0.0922143	1	0	1	1.18438e-13	249.688	0
0.0922143	1	0	7	1.19032e-13	250.942	0
0.0922143	1	0	2	1.58923e-12	3350.38	0
0.0922143	1	0	9	2.94407e-13	620.664	0
0.0922143	1	0	13	2.30416e-13	485.759	0
0.0922143	1	0	6	1.54708e-13	326.153	0
0.0922143	1	0	11	1.82949e-13	385.69	0
0.0922143	1	0	12	3.81326e-13	803.906	0
0.0922143	1	0	5	1.33553e-13	281.555	0
0.0922143	1	0	3	2.79786e-13	589.842	0
0.0922143	1	0	10	1.19662e-13	252.27	0
0.0932143	1	0	14	1.2239e-13	258.021	0
0.0932143	1	0	4	2.8684e-13	604.711	0
0.0932143	1	0	8	4.90034e-13	1033.08	0
0.0932143	1	0	1	1.18437e-13	249.687	0
0.0932143	1	0	7	1.19032e-13	250.942	0
0.0932143	1	0	2	1.58919e-12	3350.32	0
0.0932143	1	0	9	2.94408e-13	620.666	0
0.0932143	1	0	13	2.30415e-13	485.758	0
0.0932143	1	0	6	1.54707e-13	326.15	0
0.0932143	1	0	11	1.82947e-13	385.687	0
0.0932143	1	0	12	3.81323e-13	803.9	0
0.0932143	1	0	5	1.33553e-13	281.554	0
0.0932143	1	0	3	2.79784e-13	589.836	0
0.0932143	1	0	10	1.19661e-13	252.268	0
0.0942143	1	0	14	1.22391e-13	258.022	0
0.0942143	1	0	4	2.8684e-13	604.713	0
0.0942143	1	0	8	4.90039e-13	1033.09	0
0.0942143	1	0	1	1.18436e-13	249.686	0
0.0942143	1	0	7	1.19032e-13	250.942	0
0.0942143	1	0	2	1.58916e-12	3350.25	0
0.0942143	1	0	9	2.94409e-13	620.669	0
0.0942143	1	0	13	2.30414e-13	485.756	0
0.0942143	1	0	6	1.54706e-13	326.148	0
0.0942143	1	0	11	1.82946e-13	385.683	0
0.0942143	1	0	12	3.8132e-13	803.893	0
0.0942143	1	0	5	1.33552e-13	281.552	0
0.0942143	1	0	3	2.79782e-13	589.831	0
0.0942143	1	0	10	1.1966e-13	252.266	0
0.0952143	1	0	14	1.22391e-13	258.024	0
0.0952143	1	0	4	2.86841e-13	604.714	0
0.0952143	1	0	8	4.90044e-13	1033.1	0
0.0952143	1	0	1	1.18436e-13	249.684	0
0.0952143	1	0	7	1.19032e-13	250.942	0
0.0952143	1	0	2	1.58913e-12	3350.18	0
0.0952143	1	0	9	2.94411e-13	620.672	0
0.0952143	1	0	13	2.30414e-13	485.755	0
0.0952143	1	0	6	1.54705e-13	326.146	0
0.0952143	1	0	11	1.82944e-13	385.68	0
0.0952143	1	0	12	3.81317e-13	803.886	0
0.0952143	1	0	5	1.33551e-13	281.551	0
0.0952143	1	0	3	2.79779e-13	589.826	0
0.0952143	1	0	10	1.1966e-13	252.265	0
0.0962143	1	0	14	1.22392e-13	258.025	0
0.0962143	1	0	4	2.86842e-13	604.716	0
0.0962143	1	0	8	4.90049e-13	1033.11	0
0.0962143	1	0	1	1.18435e-13	249.683	0
0.0962143	1	0	7	1.19032e-13	250.942	0
0.0962143	1	0	2	1.5891e-12	3350.11	0
0.0962143	1	0	9	2.94412e-13	620.675	0
0.0962143	1	0	13	2.30413e-13	485.754	0
0.0962143	1	0	6	1.54703e-13	326.144	0
0.0962143	1	0	11	1.82942e-13	385.676	0
0.0962143	1	0	12	3.81314e-13	803.879	0
0.0962143	1	0	5	1.33551e-13	281.55	0
0.0962143	1	0	3	2.79777e-13	589.821	0
0.0962143	1	0	10	1.19659e-13	252.263	0
0.0972143	1	0	14	1.22393e-13	258.027	0
0.0972143	1	0	4	2.86842e-13	604.717	0
0.0972143	1	0	8	4.90054e-13	1033.13	0
0.0972143	1	0	1	1.18434e-13	249.682	0
0.0972143	1	0	7	1.19032e-13	250.942	0
0.0972143	1	0	2	1.58906e-12	3350.04	0
0.0972143	1	0	9	2.94414e-13	620.678	0
0.0972143	1	0	13	2.30413e-13	485.753	0
0.0972143	1	0	6	1.54702e-13	326.141	0
0.0972143	1	0	11	1.82941e-13	385.673	0
0.0972143	1	0	12	3.8131e-13	803.873	0
0.0972143	1	0	5	1.3355e-13	281.548	0
0.0972143	1	0	3	2.79774e-13	589.816	0
0.0972143	1	0	10	1.19658e-13	252.261	0
0.0982143	1	0	14	1.22394e-13	258.028	0
0.0982143	1	0	4	2.86843e-13	604.718	0
0.0982143	1	0	8	4.90059e-13	1033.14	0
0.0982143	1	0	1	1.18434e-13	249.68	0
0.0982143	1	0	7	1.19032e-13	250.942	0
0.0982143	1	0	2	1.58903e-12	3349.97	0
0.0982143	1	0	9	2.94415e-13	620.681	0
0.0982143	1	0	13	2.30412e-13	485.752	0
0.0982143	1	0	6	1.54701e-13	326.139	0
0.0982143	1	0	11	1.82939e-13	385.669	0
0.0982143	1	0	12	3.81307e-13	803.866	0
0.0982143	1	0	5	1.33549e-13	281.547	0
0.0982143	1	0	3	2.79772e-13	589.811	0
0.0982143	1	0	10	1.19657e-13	252.259	0
0.0992143	1	0	14	1.22394e-13	258.03	0
0.0992143	1	0	4	2.86844e-13	604.72	0
0.0992143	1	0	8	4.90064e-13	1033.15	0
0.0992143	1	0	1	1.18433e-13	249.679	0
0.0992143	1	0	7	1.19032e-13	250.941	0
0.0992143	1	0	2	1.589e-12	3349.9	0
0.0992143	1	0	9	2.94416e-13	620.684	0
0.0992143	1	0	13	2.30412e-13	485.751	0
0.0992143	1	0	6	1.547e-13	326.137	0
0.0992143	1	0	11	1.82937e-13	385.666	0
0.0992143	1	0	12	3.81304e-13	803.859	0
0.0992143	1	0	5	1.33549e-13	281.546	0
0.0992143	1	0	3	2.79769e-13	589.805	0
0.0992143	1	0	10	1.19656e-13	252.258	0
0.100214	1	0	14	1.22395e-13	258.031	0
0.100214	1	0	4	2.86844e-13	604.721	0
0.100214	1	0	8	4.9007e-13	1033.16	0
0.100214	1	0	1	1.18433e-13	249.678	0
0.100214	1	0	7	1.19032e-13	250.941	0
0.100214	1	0	2	1.58897e-12	3349.84	0
0.100214	1	0	9	2.94418e-13	620.687	0
0.100214	1	0	13	2.30411e-13	485.749	0
0.100214	1	0	6	1.54699e-13	326.135	0
0.100214	1	0	11	1.82936e-13	385.662	0
0.100214	1	0	12	3.81301e-13	803.853	0
0.100214	1	0	5	1.33548e-13	281.544	0
0.100214	1	0	3	2.79767e-13	589.8	0
0.100214	1	0	10	1.19656e-13	252.256	0
0.101214	1	0	14	1.22396e-13	258.033	0
0.101214	1	0	4	2.86845e-13	604.723	0
0.101214	1	0	8	4.90075e-13	1033.17	0
0.101214	1	0	1	1.18432e-13	249.677	0
0.101214	1	0	7	1.19032e-13	250.941	0
0.101214	1	0	2	1.58893e-12	3349.77	0
0.101214	1	0	9	2.94419e-13	620.69	0
0.101214	1	0	13	2.30411e-13	485.748	0
0.101214	1	0	6	1.54698e-13	326.132	0
0.101214	1	0	11	1.82934e-13	385.659	0
0.101214	1	0	12	3.81298e-13	803.846	0
0.101214	1	0	5	1.33548e-13	281.543	0
0.101214	1	0	3	2.79764e-13	589.795	0
0.101214	1	0	10	1.19655e-13	252.254	0
0.102214	1	0	14	1.22396e-13	258.034	0
0.102214	1	0	4	2.86846e-13	604.724	0
0.102214	1	0	8	4.9008e-13	1033.18	0
0.102214	1	0	1	1.18431e-13	249.675	0
0.102214	1	0	7	1.19032e-13	250.941	0
0.102214	1	0	2	1.5889e-12	3349.7	0
0.102214	1	0	9	2.9442e-13	620.693	0
0.102214	1	0	13	2.3041e-13	485.747	0
0.102214	1	0	6	1.54697e-13	326.13	0
0.102214	1	0	11	1.82932e-13	385.655	0
0.102214	1	0	12	3.81294e-13	803.839	0
0.102214	1	0	5	1.33547e-13	281.542	0
0.102214	1	0	3	2.79762e-13	589.79	0
0.102214	1	0	10	1.19654e-13	252.253	0
0.103214	1	0	14	1.22397e-13	258.036	0
0.103214	1	0	4	2.86846e-13	604.725	0
0.103214	1	0	8	4.90085e-13	1033.19	0
0.103214	1	0	1	1.18431e-13	249.674	0
0.103214	1	0	7	1.19032e-13	250.941	0
0.103214	1	0	2	1.58887e-12	3349.63	0
0.103214	1	0	9	2.94422e-13	620.696	0
0.103214	1	0	13	2.3041e-13	485.746	0
0.103214	1	0	6	1.54696e-13	326.128	0
0.103214	1	0	11	1.82931e-13	385.652	0
0.103214	1	0	12	3.81291e-13	803.832	0
0.103214	1	0	5	1.33546e-13	281.541	0
0.103214	1	0	3	2.79759e-13	589.785	0
0.103214	1	0	10	1.19653e-13	252.251	0
0.104214	1	0	14	1.22398e-13	258.037	0
0.104214	1	0	4	2.86847e-13	604.727	0
0.104214	1	0	8	4.9009e-13	1033.2	0
0.104214	1	0	1	1.1843e-13	249.673	0
0.104214	1	0	7	1.19032e-13	250.941	0
0.104214	1	0	2	1.58884e-12	3349.56	0
0.104214	1	0	9	2.94423e-13	620.699	0
0.104214	1	0	13	2.30409e-13	485.745	0
0.104214	1	0	6	1.54695e-13	326.126	0
0.104214	1	0	11	1.82929e-13	385.649	0
0.104214	1	0	12	3.81288e-13	803.826	0
0.104214	1	0	5	1.33546e-13	281.539	0
0.104214	1	0	3	2.79757e-13	589.78	0
0.104214	1	0	10	1.19652e-13	252.249	0
