0.02 0 1 1 0
0.02 0 2 1 0
0.02 0 3 1 0
0.02 0 4 1 0
0.02 0 5 1 0
0.02 0 6 1 0
0.02 0 7 1 0
0.02 0 8 1 0
0.02 0 9 1 0
0.02 0 10 1 0
0.0232143 0 4 1 0
0.0232143 0 8 1 0
0.0232143 0 1 1 0
0.0232143 0 7 1 0
0.0232143 0 2 1 0
0.0232143 0 9 1 0
0.0232143 0 6 1 0
0.0232143 0 5 1 0
0.0232143 0 3 1 0
0.0232143 0 10 1 0
0.025 0 11 1 0
0.025 0 12 1 0
0.025 0 13 1 0
0.025 0 14 1 0
0.0282143 0 14 1 0
0.0282143 0 13 1 0
0.0282143 0 11 1 0
0.0282143 0 12 1 0
0.03 0 1 1 0
0.03 0 2 1 0
0.03 0 3 1 0
0.03 0 4 1 0
0.03 0 5 1 0
0.03 0 6 1 0
0.03 0 7 1 0
0.03 0 8 1 0
0.03 0 9 1 0
0.03 0 10 1 0
0.0332143 0 4 1 0
0.0332143 0 8 1 0
0.0332143 0 1 1 0
0.0332143 0 7 1 0
0.0332143 0 2 1 0
0.0332143 0 9 1 0
0.0332143 0 6 1 0
0.0332143 0 5 1 0
0.0332143 0 3 1 0
0.0332143 0 10 1 0
0.035 0 11 1 0
0.035 0 12 1 0
0.035 0 13 1 0
0.035 0 14 1 0
0.0382143 0 14 1 0
0.0382143 0 13 1 0
0.0382143 0 11 1 0
0.0382143 0 12 1 0
0.04 0 1 1 0
0.04 0 2 1 0
0.04 0 3 1 0
0.04 0 4 1 0
0.04 0 5 1 0
0.04 0 6 1 0
0.04 0 7 1 0
0.04 0 8 1 0
0.04 0 9 1 0
0.04 0 10 1 0
0.0432143 0 4 1 0
0.0432143 0 8 1 0
0.0432143 0 1 1 0
0.0432143 0 7 1 0
0.0432143 0 2 1 0
0.0432143 0 9 1 0
0.0432143 0 6 1 0
0.0432143 0 5 1 0
0.0432143 0 3 1 0
0.0432143 0 10 1 0
0.04475 0 1 1 0
0.04475 0 2 1 0
0.04475 0 3 1 0
0.04475 0 1 1 0
0.04475 0 2 1 0
0.04475 0 1 1 0
0.04475 0 2 1 0
0.04475 0 1 1 0
0.04475 0 2 1 0
0.04475 0 1 1 0
0.04475 0 2 1 0
0.04475 0 3 1 0
0.04475 0 1 1 0
0.04475 0 1 1 0
0.045 0 11 1 0
0.045 0 12 1 0
0.045 0 13 1 0
0.045 0 14 1 0
0.0462679 0 1 1 0
0.0462679 0 2 1 0
0.0462679 0 3 1 0
0.0462679 0 2 1 0
0.0462679 0 1 1 0
0.0462679 0 2 1 0
0.0462679 0 1 1 0
0.0462679 0 1 1 0
0.0462679 0 2 1 0
0.0462679 0 1 1 0
0.0462679 0 3 1 0
0.0462679 0 2 1 0
0.0462679 0 1 1 0
0.0462679 0 1 1 0
0.0482143 0 14 1 0
0.0482143 0 13 1 0
0.0482143 0 11 1 0
0.0482143 0 12 1 0
0.05 0 1 1 0
0.05 0 2 1 0
0.05 0 3 1 0
0.05 0 4 1 0
0.05 0 5 1 0
0.05 0 6 1 0
0.05 0 7 1 0
0.05 0 8 1 0
0.05 0 9 1 0
0.05 0 10 1 0
0.0527144 2 4 3 0
0.0527145 3 8 3 0
0.0527146 4 1 3 0
0.0527147 5 7 3 0
0.0527148 6 2 3 0
0.0527149 7 9 3 0
0.052715 9 6 3 0
0.052715 12 5 3 0
0.0527151 13 3 3 0
0.0527152 14 10 3 0
0.0532143 0 4 1 0
0.0532143 0 8 1 0
0.0532143 0 1 1 0
0.0532143 0 7 1 0
0.0532143 0 2 1 0
0.0532143 0 9 1 0
0.0532143 0 6 1 0
0.0532143 0 5 1 0
0.0532143 0 3 1 0
0.0532143 0 10 1 0
0.0532144 0 4 3 0
0.0532145 0 8 3 0
0.0532146 0 1 3 0
0.0532147 0 7 3 0
0.0532148 0 2 3 0
0.0532149 0 9 3 0
0.053215 0 6 3 0
0.053215 0 5 3 0
0.0532151 0 3 3 0
0.0532152 0 10 3 0
0.0547144 2 2 3 0
0.0547145 3 1 3 0
0.0547146 4 1 3 0
0.0547147 5 1 3 0
0.0547148 6 2 3 0
0.0547149 7 2 3 0
0.054715 9 1 3 0
0.054715 12 2 3 0
0.0547151 13 3 3 0
0.0547152 14 3 3 0
0.05475 0 1 1 0
0.05475 0 2 1 0
0.05475 0 3 1 0
0.05475 0 1 1 0
0.05475 0 2 1 0
0.05475 0 1 1 0
0.05475 0 2 1 0
0.05475 0 1 1 0
0.05475 0 2 1 0
0.05475 0 1 1 0
0.05475 0 2 1 0
0.05475 0 3 1 0
0.05475 0 1 1 0
0.05475 0 1 1 0
0.055 0 11 1 0
0.055 0 12 1 0
0.055 0 13 1 0
0.055 0 14 1 0
0.0562144 0 2 3 0
0.0562145 0 1 3 0
0.0562146 0 1 3 0
0.0562147 0 1 3 0
0.0562148 0 2 3 0
0.0562149 0 2 3 0
0.056215 0 1 3 0
0.0562151 0 2 3 0
0.0562151 0 3 3 0
0.0562152 0 3 3 0
0.0562679 0 1 1 0
0.0562679 0 2 1 0
0.0562679 0 3 1 0
0.0562679 0 2 1 0
0.0562679 0 1 1 0
0.0562679 0 2 1 0
0.0562679 0 1 1 0
0.0562679 0 1 1 0
0.0562679 0 2 1 0
0.0562679 0 1 1 0
0.0562679 0 3 1 0
0.0562679 0 2 1 0
0.0562679 0 1 1 0
0.0562679 0 1 1 0
0.0577144 1 14 3 0
0.0577145 8 13 3 0
0.0577146 10 11 3 0
0.0577147 11 12 3 0
0.0582143 0 14 1 0
0.0582143 0 13 1 0
0.0582143 0 11 1 0
0.0582143 0 12 1 0
0.0582144 0 14 3 0
0.0582145 0 13 3 0
0.0582146 0 11 3 0
0.0582147 0 12 3 0
0.0597144 1 1 3 0
0.0597145 8 1 3 0
0.0597146 10 2 3 0
0.0597147 11 1 3 0
0.06 0 1 1 0
0.06 0 2 1 0
0.06 0 3 1 0
0.06 0 4 1 0
0.06 0 5 1 0
0.06 0 6 1 0
0.06 0 7 1 0
0.06 0 8 1 0
0.06 0 9 1 0
0.06 0 10 1 0
0.0612144 0 1 3 0
0.0612145 0 1 3 0
0.0612146 0 2 3 0
0.0612147 0 1 3 0
0.0627144 2 4 3 0
0.0627145 3 8 3 0
0.0627146 4 1 3 0
0.0627147 5 7 3 0
0.0627148 6 2 3 0
0.0627149 7 9 3 0
0.062715 9 6 3 0
0.062715 12 5 3 0
0.0627151 13 3 3 0
0.0627152 14 10 3 0
0.0632143 0 4 1 0
0.0632143 0 8 1 0
0.0632143 0 1 1 0
0.0632143 0 7 1 0
0.0632143 0 2 1 0
0.0632143 0 9 1 0
0.0632143 0 6 1 0
0.0632143 0 5 1 0
0.0632143 0 3 1 0
0.0632143 0 10 1 0
0.0632144 0 4 3 0
0.0632145 0 8 3 0
0.0632146 0 1 3 0
0.0632147 0 7 3 0
0.0632148 0 2 3 0
0.0632149 0 9 3 0
0.063215 0 6 3 0
0.063215 0 5 3 0
0.0632151 0 3 3 0
0.0632152 0 10 3 0
0.0647144 2 2 3 0
0.0647145 3 1 3 0
0.0647146 4 1 3 0
0.0647147 5 1 3 0
0.0647148 6 2 3 0
0.0647149 7 2 3 0
0.064715 9 1 3 0
0.064715 12 2 3 0
0.0647151 13 3 3 0
0.0647152 14 3 3 0
0.06475 0 1 1 0
0.06475 0 2 1 0
0.06475 0 3 1 0
0.06475 0 1 1 0
0.06475 0 2 1 0
0.06475 0 1 1 0
0.06475 0 2 1 0
0.06475 0 1 1 0
0.06475 0 2 1 0
0.06475 0 1 1 0
0.06475 0 2 1 0
0.06475 0 3 1 0
0.06475 0 1 1 0
0.06475 0 1 1 0
0.065 0 11 1 0
0.065 0 12 1 0
0.065 0 13 1 0
0.065 0 14 1 0
0.0662144 0 2 3 0
0.0662145 0 1 3 0
0.0662146 0 1 3 0
0.0662147 0 1 3 0
0.0662148 0 2 3 0
0.0662149 0 2 3 0
0.066215 0 1 3 0
0.066215 0 2 3 0
0.0662151 0 3 3 0
0.0662152 0 3 3 0
0.0662679 0 1 1 0
0.0662679 0 2 1 0
0.0662679 0 3 1 0
0.0662679 0 2 1 0
0.0662679 0 1 1 0
0.0662679 0 2 1 0
0.0662679 0 1 1 0
0.0662679 0 1 1 0
0.0662679 0 2 1 0
0.0662679 0 1 1 0
0.0662679 0 3 1 0
0.0662679 0 2 1 0
0.0662679 0 1 1 0
0.0662679 0 1 1 0
0.0677144 1 14 3 0
0.0677145 8 13 3 0
0.0677146 10 11 3 0
0.0677147 11 12 3 0
0.0682143 0 14 1 0
0.0682143 0 13 1 0
0.0682143 0 11 1 0
0.0682143 0 12 1 0
0.0682144 0 14 3 0
0.0682145 0 13 3 0
0.0682146 0 11 3 0
0.0682147 0 12 3 0
0.0697144 1 1 3 0
0.0697145 8 1 3 0
0.0697146 10 2 3 0
0.0697147 11 1 3 0
0.07 0 1 1 0
0.07 0 2 1 0
0.07 0 3 1 0
0.07 0 4 1 0
0.07 0 5 1 0
0.07 0 6 1 0
0.07 0 7 1 0
0.07 0 8 1 0
0.07 0 9 1 0
0.07 0 10 1 0
0.0712144 0 1 3 0
0.0712145 0 1 3 0
0.0712146 0 2 3 0
0.0712147 0 1 3 0
0.0727144 2 4 3 0
0.0727145 3 8 3 0
0.0727146 4 1 3 0
0.0727147 5 7 3 0
0.0727148 6 2 3 0
0.0727149 7 9 3 0
0.072715 9 6 3 0
0.072715 12 5 3 0
0.0727151 13 3 3 0
0.0727152 14 10 3 0
0.0732143 0 4 1 0
0.0732143 0 8 1 0
0.0732143 0 1 1 0
0.0732143 0 7 1 0
0.0732143 0 2 1 0
0.0732143 0 9 1 0
0.0732143 0 6 1 0
0.0732143 0 5 1 0
0.0732143 0 3 1 0
0.0732143 0 10 1 0
0.0732144 0 4 3 0
0.0732145 0 8 3 0
0.0732146 0 1 3 0
0.0732147 0 7 3 0
0.0732148 0 2 3 0
0.0732149 0 9 3 0
0.073215 0 6 3 0
0.073215 0 5 3 0
0.0732151 0 3 3 0
0.0732152 0 10 3 0
0.0747144 2 2 3 0
0.0747145 3 1 3 0
0.0747146 4 1 3 0
0.0747147 5 1 3 0
0.0747148 6 2 3 0
0.0747149 7 2 3 0
0.074715 9 1 3 0
0.074715 12 2 3 0
0.0747151 13 3 3 0
0.0747152 14 3 3 0
0.07475 0 1 1 0
0.07475 0 2 1 0
0.07475 0 3 1 0
0.07475 0 1 1 0
0.07475 0 2 1 0
0.07475 0 1 1 0
0.07475 0 2 1 0
0.07475 0 1 1 0
0.07475 0 2 1 0
0.07475 0 1 1 0
0.07475 0 2 1 0
0.07475 0 3 1 0
0.07475 0 1 1 0
0.07475 0 1 1 0
0.075 0 11 1 0
0.075 0 12 1 0
0.075 0 13 1 0
0.075 0 14 1 0
0.0762144 0 2 3 0
0.0762145 0 1 3 0
0.0762146 0 1 3 0
0.0762147 0 1 3 0
0.0762148 0 2 3 0
0.0762149 0 2 3 0
0.076215 0 1 3 0
0.0762151 0 2 3 0
0.0762151 0 3 3 0
0.0762152 0 3 3 0
0.0762679 0 1 1 0
0.0762679 0 2 1 0
0.0762679 0 3 1 0
0.0762679 0 2 1 0
0.0762679 0 1 1 0
0.0762679 0 2 1 0
0.0762679 0 1 1 0
0.0762679 0 1 1 0
0.0762679 0 2 1 0
0.0762679 0 1 1 0
0.0762679 0 3 1 0
0.0762679 0 2 1 0
0.0762679 0 1 1 0
0.0762679 0 1 1 0
0.0777144 1 14 3 0
0.0777145 8 13 3 0
0.0777146 10 11 3 0
0.0777147 11 12 3 0
0.0782143 0 14 1 0
0.0782143 0 13 1 0
0.0782143 0 11 1 0
0.0782143 0 12 1 0
0.0782144 0 14 3 0
0.0782145 0 13 3 0
0.0782146 0 11 3 0
0.0782147 0 12 3 0
0.0797144 1 1 3 0
0.0797145 8 1 3 0
0.0797146 10 2 3 0
0.0797147 11 1 3 0
0.08 0 1 1 0
0.08 0 2 1 0
0.08 0 3 1 0
0.08 0 4 1 0
0.08 0 5 1 0
0.08 0 6 1 0
0.08 0 7 1 0
0.08 0 8 1 0
0.08 0 9 1 0
0.08 0 10 1 0
0.0812144 0 1 3 0
0.0812145 0 1 3 0
0.0812146 0 2 3 0
0.0812147 0 1 3 0
0.0827144 2 4 3 0
0.0827145 3 8 3 0
0.0827146 4 1 3 0
0.0827147 5 7 3 0
0.0827148 6 2 3 0
0.0827149 7 9 3 0
0.082715 9 6 3 0
0.082715 12 5 3 0
0.0827151 13 3 3 0
0.0827152 14 10 3 0
0.0832143 0 4 1 0
0.0832143 0 8 1 0
0.0832143 0 1 1 0
0.0832143 0 7 1 0
0.0832143 0 2 1 0
0.0832143 0 9 1 0
0.0832143 0 6 1 0
0.0832143 0 5 1 0
0.0832143 0 3 1 0
0.0832143 0 10 1 0
0.0832144 0 4 3 0
0.0832145 0 8 3 0
0.0832146 0 1 3 0
0.0832147 0 7 3 0
0.0832148 0 2 3 0
0.0832149 0 9 3 0
0.083215 0 6 3 0
0.083215 0 5 3 0
0.0832151 0 3 3 0
0.0832152 0 10 3 0
0.0847144 2 2 3 0
0.0847145 3 1 3 0
0.0847146 4 1 3 0
0.0847147 5 1 3 0
0.0847148 6 2 3 0
0.0847149 7 2 3 0
0.084715 9 1 3 0
0.084715 12 2 3 0
0.0847151 13 3 3 0
0.0847152 14 3 3 0
0.08475 0 1 1 0
0.08475 0 2 1 0
0.08475 0 3 1 0
0.08475 0 1 1 0
0.08475 0 2 1 0
0.08475 0 1 1 0
0.08475 0 2 1 0
0.08475 0 1 1 0
0.08475 0 2 1 0
0.08475 0 1 1 0
0.08475 0 2 1 0
0.08475 0 3 1 0
0.08475 0 1 1 0
0.08475 0 1 1 0
0.085 0 11 1 0
0.085 0 12 1 0
0.085 0 13 1 0
0.085 0 14 1 0
0.0862144 0 2 3 0
0.0862145 0 1 3 0
0.0862146 0 1 3 0
0.0862147 0 1 3 0
0.0862148 0 2 3 0
0.0862149 0 2 3 0
0.086215 0 1 3 0
0.0862151 0 2 3 0
0.0862151 0 3 3 0
0.0862152 0 3 3 0
0.0862679 0 1 1 0
0.0862679 0 2 1 0
0.0862679 0 3 1 0
0.0862679 0 2 1 0
0.0862679 0 1 1 0
0.0862679 0 2 1 0
0.0862679 0 1 1 0
0.0862679 0 1 1 0
0.0862679 0 2 1 0
0.0862679 0 1 1 0
0.0862679 0 3 1 0
0.0862679 0 2 1 0
0.0862679 0 1 1 0
0.0862679 0 1 1 0
0.0877144 1 14 3 0
0.0877145 8 13 3 0
0.0877146 10 11 3 0
0.0877147 11 12 3 0
0.0882143 0 14 1 0
0.0882143 0 13 1 0
0.0882143 0 11 1 0
0.0882143 0 12 1 0
0.0882144 0 14 3 0
0.0882145 0 13 3 0
0.0882146 0 11 3 0
0.0882147 0 12 3 0
0.0897144 1 1 3 0
0.0897145 8 1 3 0
0.0897146 10 2 3 0
0.0897147 11 1 3 0
0.09 0 1 1 0
0.09 0 2 1 0
0.09 0 3 1 0
0.09 0 4 1 0
0.09 0 5 1 0
0.09 0 6 1 0
0.09 0 7 1 0
0.09 0 8 1 0
0.09 0 9 1 0
0.09 0 10 1 0
0.0912144 0 1 3 0
0.0912145 0 1 3 0
0.0912146 0 2 3 0
0.0912147 0 1 3 0
0.0927144 2 4 3 0
0.0927145 3 8 3 0
0.0927146 4 1 3 0
0.0927147 5 7 3 0
0.0927148 6 2 3 0
0.0927149 7 9 3 0
0.092715 9 6 3 0
0.092715 12 5 3 0
0.0927151 13 3 3 0
0.0927152 14 10 3 0
0.0932143 0 4 1 0
0.0932143 0 8 1 0
0.0932143 0 1 1 0
0.0932143 0 7 1 0
0.0932143 0 2 1 0
0.0932143 0 9 1 0
0.0932143 0 6 1 0
0.0932143 0 5 1 0
0.0932143 0 3 1 0
0.0932143 0 10 1 0
0.0932144 0 4 3 0
0.0932145 0 8 3 0
0.0932146 0 1 3 0
0.0932147 0 7 3 0
0.0932148 0 2 3 0
0.0932149 0 9 3 0
0.093215 0 6 3 0
0.093215 0 5 3 0
0.0932151 0 3 3 0
0.0932152 0 10 3 0
0.0947144 2 2 3 0
0.0947145 3 1 3 0
0.0947146 4 1 3 0
0.0947147 5 1 3 0
0.0947148 6 2 3 0
0.0947149 7 2 3 0
0.094715 9 1 3 0
0.094715 12 2 3 0
0.0947151 13 3 3 0
0.0947152 14 3 3 0
0.09475 0 1 1 0
0.09475 0 2 1 0
0.09475 0 3 1 0
0.09475 0 1 1 0
0.09475 0 2 1 0
0.09475 0 1 1 0
0.09475 0 2 1 0
0.09475 0 1 1 0
0.09475 0 2 1 0
0.09475 0 1 1 0
0.09475 0 2 1 0
0.09475 0 3 1 0
0.09475 0 1 1 0
0.09475 0 1 1 0
0.095 0 11 1 0
0.095 0 12 1 0
0.095 0 13 1 0
0.095 0 14 1 0
0.0962144 0 2 3 0
0.0962145 0 1 3 0
0.0962146 0 1 3 0
0.0962147 0 1 3 0
0.0962148 0 2 3 0
0.0962149 0 2 3 0
0.096215 0 1 3 0
0.096215 0 2 3 0
0.0962151 0 3 3 0
0.0962152 0 3 3 0
0.0962679 0 1 1 0
0.0962679 0 2 1 0
0.0962679 0 3 1 0
0.0962679 0 2 1 0
0.0962679 0 1 1 0
0.0962679 0 2 1 0
0.0962679 0 1 1 0
0.0962679 0 1 1 0
0.0962679 0 2 1 0
0.0962679 0 1 1 0
0.0962679 0 3 1 0
0.0962679 0 2 1 0
0.0962679 0 1 1 0
0.0962679 0 1 1 0
0.0977144 1 14 3 0
0.0977145 8 13 3 0
0.0977146 10 11 3 0
0.0977147 11 12 3 0
0.0982143 0 14 1 0
0.0982143 0 13 1 0
0.0982143 0 11 1 0
0.0982143 0 12 1 0
0.0982144 0 14 3 0
0.0982145 0 13 3 0
0.0982146 0 11 3 0
0.0982147 0 12 3 0
0.0997144 1 1 3 0
0.0997145 8 1 3 0
0.0997146 10 2 3 0
0.0997147 11 1 3 0
0.1 0 1 1 0
0.1 0 2 1 0
0.1 0 3 1 0
0.1 0 4 1 0
0.1 0 5 1 0
0.1 0 6 1 0
0.1 0 7 1 0
0.1 0 8 1 0
0.1 0 9 1 0
0.1 0 10 1 0
0.101214 0 1 3 0
0.101215 0 1 3 0
0.101215 0 2 3 0
0.101215 0 1 3 0
0.102714 2 4 3 0
0.102715 3 8 3 0
0.102715 4 1 3 0
0.102715 5 7 3 0
0.102715 6 2 3 0
0.102715 7 9 3 0
0.102715 9 6 3 0
0.102715 12 5 3 0
0.102715 13 3 3 0
0.102715 14 10 3 0
0.103214 0 4 1 0
0.103214 0 8 1 0
0.103214 0 1 1 0
0.103214 0 7 1 0
0.103214 0 2 1 0
0.103214 0 9 1 0
0.103214 0 6 1 0
0.103214 0 5 1 0
0.103214 0 3 1 0
0.103214 0 10 1 0
0.103214 0 4 3 0
0.103215 0 8 3 0
0.103215 0 1 3 0
0.103215 0 7 3 0
0.103215 0 2 3 0
0.103215 0 9 3 0
0.103215 0 6 3 0
0.103215 0 5 3 0
0.103215 0 3 3 0
0.103215 0 10 3 0
0.104714 2 2 3 0
0.104715 3 1 3 0
0.104715 4 1 3 0
0.104715 5 1 3 0
0.104715 6 2 3 0
0.104715 7 2 3 0
0.104715 9 1 3 0
0.104715 12 2 3 0
0.104715 13 3 3 0
0.104715 14 3 3 0
0.10475 0 1 1 0
0.10475 0 2 1 0
0.10475 0 3 1 0
0.10475 0 1 1 0
0.10475 0 2 1 0
0.10475 0 1 1 0
0.10475 0 2 1 0
0.10475 0 1 1 0
0.10475 0 2 1 0
0.10475 0 1 1 0
0.10475 0 2 1 0
0.10475 0 3 1 0
0.10475 0 1 1 0
0.10475 0 1 1 0
