0.00100002 2 1 235 1000021 0
0.00100002 3 1 235 1000021 0
0.00100002 4 1 235 1000021 0
0.00100002 5 1 235 1000021 0
0.00100002 6 1 235 1000021 0
0.00100002 7 1 235 1000021 0
0.00100002 8 1 235 1000021 0
0.00260002 2 1 235 1000021 0
0.00260002 3 1 235 1000021 0
0.00260002 4 1 235 1000021 0
0.00260002 5 1 235 1000021 0
0.00260002 6 1 235 1000021 0
0.00260002 7 1 235 1000021 0
0.00260002 8 1 235 1000021 0
0.00420002 2 1 235 1000021 0
0.00420002 3 1 235 1000021 0
0.00420002 4 1 235 1000021 0
0.00420002 5 1 235 1000021 0
0.00420002 6 1 235 1000021 0
0.00420002 7 1 235 1000021 0
0.00420002 8 1 235 1000021 0
0.00580002 2 1 235 1000021 0
0.00580002 3 1 235 1000021 0
0.00580002 4 1 235 1000021 0
0.00580002 5 1 235 1000021 0
0.00580002 6 1 235 1000021 0
0.00580002 7 1 235 1000021 0
0.00580002 8 1 235 1000021 0
0.00740002 2 1 235 1000021 0
0.00740002 3 1 235 1000021 0
0.00740002 4 1 235 1000021 0
0.00740002 5 1 235 1000021 0
0.00740002 6 1 235 1000021 0
0.00740002 7 1 235 1000021 0
0.00740002 8 1 235 1000021 0
0.00900002 2 1 235 1000021 0
0.00900002 3 1 235 1000021 0
0.00900002 4 1 235 1000021 0
0.00900002 5 1 235 1000021 0
0.00900002 6 1 235 1000021 0
0.00900002 7 1 235 1000021 0
0.00900002 8 1 235 1000021 0
0.0106 2 1 235 1000021 0
0.0106 3 1 235 1000021 0
0.0106 4 1 235 1000021 0
0.0106 5 1 235 1000021 0
0.0106 6 1 235 1000021 0
0.0106 7 1 235 1000021 0
0.0106 8 1 235 1000021 0
0.0122 2 1 235 1000021 0
0.0122 3 1 235 1000021 0
0.0122 4 1 235 1000021 0
0.0122 5 1 235 1000021 0
0.0122 6 1 235 1000021 0
0.0122 7 1 235 1000021 0
0.0122 8 1 235 1000021 0
0.0138 2 1 235 1000021 0
0.0138 3 1 235 1000021 0
0.0138 4 1 235 1000021 0
0.0138 5 1 235 1000021 0
0.0138 6 1 235 1000021 0
0.0138 7 1 235 1000021 0
0.0138 8 1 235 1000021 0
0.0154 2 1 235 1000021 0
0.0154 3 1 235 1000021 0
0.0154 4 1 235 1000021 0
0.0154 5 1 235 1000021 0
0.0154 6 1 235 1000021 0
0.0154 7 1 235 1000021 0
0.0154 8 1 235 1000021 0
0.017 2 1 235 1000021 0
0.017 3 1 235 1000021 0
0.017 4 1 235 1000021 0
0.017 5 1 235 1000021 0
0.017 6 1 235 1000021 0
0.017 7 1 235 1000021 0
0.017 8 1 235 1000021 0
0.0186 2 1 235 1000021 0
0.0186 3 1 235 1000021 0
0.0186 4 1 235 1000021 0
0.0186 5 1 235 1000021 0
0.0186 6 1 235 1000021 0
0.0186 7 1 235 1000021 0
0.0186 8 1 235 1000021 0
0.0202 2 1 235 1000021 0
0.0202 3 1 235 1000021 0
0.0202 4 1 235 1000021 0
0.0202 5 1 235 1000021 0
0.0202 6 1 235 1000021 0
0.0202 7 1 235 1000021 0
0.0202 8 1 235 1000021 0
0.0218 2 1 235 1000021 0
0.0218 3 1 235 1000021 0
0.0218 4 1 235 1000021 0
0.0218 5 1 235 1000021 0
0.0218 6 1 235 1000021 0
0.0218 7 1 235 1000021 0
0.0218 8 1 235 1000021 0
0.0234 2 1 235 1000021 0
0.0234 3 1 235 1000021 0
0.0234 4 1 235 1000021 0
0.0234 5 1 235 1000021 0
0.0234 6 1 235 1000021 0
0.0234 7 1 235 1000021 0
0.0234 8 1 235 1000021 0
0.025 2 1 235 1000021 0
0.025 3 1 235 1000021 0
0.025 4 1 235 1000021 0
0.025 5 1 235 1000021 0
0.025 6 1 235 1000021 0
0.025 7 1 235 1000021 0
0.025 8 1 235 1000021 0
0.0266 2 1 235 1000021 0
0.0266 3 1 235 1000021 0
0.0266 4 1 235 1000021 0
0.0266 5 1 235 1000021 0
0.0266 6 1 235 1000021 0
0.0266 7 1 235 1000021 0
0.0266 8 1 235 1000021 0
0.0282 2 1 235 1000021 0
0.0282 3 1 235 1000021 0
0.0282 4 1 235 1000021 0
0.0282 5 1 235 1000021 0
0.0282 6 1 235 1000021 0
0.0282 7 1 235 1000021 0
0.0282 8 1 235 1000021 0
0.0298 2 1 235 1000021 0
0.0298 3 1 235 1000021 0
0.0298 4 1 235 1000021 0
0.0298 5 1 235 1000021 0
0.0298 6 1 235 1000021 0
0.0298 7 1 235 1000021 0
0.0298 8 1 235 1000021 0
0.0314 2 1 235 1000021 0
0.0314 3 1 235 1000021 0
0.0314 4 1 235 1000021 0
0.0314 5 1 235 1000021 0
0.0314 6 1 235 1000021 0
0.0314 7 1 235 1000021 0
0.0314 8 1 235 1000021 0
0.033 2 1 235 1000021 0
0.033 3 1 235 1000021 0
0.033 4 1 235 1000021 0
0.033 5 1 235 1000021 0
0.033 6 1 235 1000021 0
0.033 7 1 235 1000021 0
0.033 8 1 235 1000021 0
0.0346 2 1 235 1000021 0
0.0346 3 1 235 1000021 0
0.0346 4 1 235 1000021 0
0.0346 5 1 235 1000021 0
0.0346 6 1 235 1000021 0
0.0346 7 1 235 1000021 0
0.0346 8 1 235 1000021 0
0.0362 2 1 235 1000021 0
0.0362 3 1 235 1000021 0
0.0362 4 1 235 1000021 0
0.0362 5 1 235 1000021 0
0.0362 6 1 235 1000021 0
0.0362 7 1 235 1000021 0
0.0362 8 1 235 1000021 0
0.0378 2 1 235 1000021 0
0.0378 3 1 235 1000021 0
0.0378 4 1 235 1000021 0
0.0378 5 1 235 1000021 0
0.0378 6 1 235 1000021 0
0.0378 7 1 235 1000021 0
0.0378 8 1 235 1000021 0
0.0394 2 1 235 1000021 0
0.0394 3 1 235 1000021 0
0.0394 4 1 235 1000021 0
0.0394 5 1 235 1000021 0
0.0394 6 1 235 1000021 0
0.0394 7 1 235 1000021 0
0.0394 8 1 235 1000021 0
0.041 2 1 235 1000021 0
0.041 3 1 235 1000021 0
0.041 4 1 235 1000021 0
0.041 5 1 235 1000021 0
0.041 6 1 235 1000021 0
0.041 7 1 235 1000021 0
0.041 8 1 235 1000021 0
0.0426 2 1 235 1000021 0
0.0426 3 1 235 1000021 0
0.0426 4 1 235 1000021 0
0.0426 5 1 235 1000021 0
0.0426 6 1 235 1000021 0
0.0426 7 1 235 1000021 0
0.0426 8 1 235 1000021 0
0.0442 2 1 235 1000021 0
0.0442 3 1 235 1000021 0
0.0442 4 1 235 1000021 0
0.0442 5 1 235 1000021 0
0.0442 6 1 235 1000021 0
0.0442 7 1 235 1000021 0
0.0442 8 1 235 1000021 0
0.0458 2 1 235 1000021 0
0.0458 3 1 235 1000021 0
0.0458 4 1 235 1000021 0
0.0458 5 1 235 1000021 0
0.0458 6 1 235 1000021 0
0.0458 7 1 235 1000021 0
0.0458 8 1 235 1000021 0
0.0474 2 1 235 1000021 0
0.0474 3 1 235 1000021 0
0.0474 4 1 235 1000021 0
0.0474 5 1 235 1000021 0
0.0474 6 1 235 1000021 0
0.0474 7 1 235 1000021 0
0.0474 8 1 235 1000021 0
0.049 2 1 235 1000021 0
0.049 3 1 235 1000021 0
0.049 4 1 235 1000021 0
0.049 5 1 235 1000021 0
0.049 6 1 235 1000021 0
0.049 7 1 235 1000021 0
0.049 8 1 235 1000021 0
0.0506 2 1 235 1000021 0
0.0506 3 1 235 1000021 0
0.0506 4 1 235 1000021 0
0.0506 5 1 235 1000021 0
0.0506 6 1 235 1000021 0
0.0506 7 1 235 1000021 0
0.0506 8 1 235 1000021 0
0.0522 2 1 235 1000021 0
0.0522 3 1 235 1000021 0
0.0522 4 1 235 1000021 0
0.0522 5 1 235 1000021 0
0.0522 6 1 235 1000021 0
0.0522 7 1 235 1000021 0
0.0522 8 1 235 1000021 0
0.0527144 1 3 68 1000008 0
0.0527145 1 6 68 1000008 0
0.0527146 1 2 68 1000008 0
0.0527147 1 5 68 1000008 0
0.0527148 1 2 68 1000008 0
0.0527149 1 5 68 1000008 0
0.052715 1 8 68 1000008 0
0.052715 1 4 68 1000008 0
0.0527151 1 2 68 1000008 0
0.0527152 1 6 68 1000008 0
0.0537144 3 1 15 1000004 0
0.0537145 6 1 15 1000004 0
0.0537146 2 1 15 1000004 0
0.0537147 5 1 15 1000004 0
0.0537148 2 1 15 1000004 0
0.0537149 5 1 15 1000004 0
0.053715 8 1 15 1000004 0
0.0537151 4 1 15 1000004 0
0.0537151 2 1 15 1000004 0
0.0537152 6 1 15 1000004 0
0.0538 2 1 235 1000021 0
0.0538 3 1 235 1000021 0
0.0538 4 1 235 1000021 0
0.0538 5 1 235 1000021 0
0.0538 6 1 235 1000021 0
0.0538 7 1 235 1000021 0
0.0538 8 1 235 1000021 0
0.0554 2 1 235 1000021 0
0.0554 3 1 235 1000021 0
0.0554 4 1 235 1000021 0
0.0554 5 1 235 1000021 0
0.0554 6 1 235 1000021 0
0.0554 7 1 235 1000021 0
0.0554 8 1 235 1000021 0
0.057 2 1 235 1000021 0
0.057 3 1 235 1000021 0
0.057 4 1 235 1000021 0
0.057 5 1 235 1000021 0
0.057 6 1 235 1000021 0
0.057 7 1 235 1000021 0
0.057 8 1 235 1000021 0
0.0577144 1 3 68 1000008 0
0.0577145 1 4 68 1000008 0
0.0577146 1 6 68 1000008 0
0.0577147 1 7 68 1000008 0
0.0586 2 1 235 1000021 0
0.0586 3 1 235 1000021 0
0.0586 4 1 235 1000021 0
0.0586 5 1 235 1000021 0
0.0586 6 1 235 1000021 0
0.0586 7 1 235 1000021 0
0.0586 8 1 235 1000021 0
0.0587144 3 1 15 1000004 0
0.0587145 4 1 15 1000004 0
0.0587146 6 1 15 1000004 0
0.0587147 7 1 15 1000004 0
0.0602 2 1 235 1000021 0
0.0602 3 1 235 1000021 0
0.0602 4 1 235 1000021 0
0.0602 5 1 235 1000021 0
0.0602 6 1 235 1000021 0
0.0602 7 1 235 1000021 0
0.0602 8 1 235 1000021 0
0.0618 2 1 235 1000021 0
0.0618 3 1 235 1000021 0
0.0618 4 1 235 1000021 0
0.0618 5 1 235 1000021 0
0.0618 6 1 235 1000021 0
0.0618 7 1 235 1000021 0
0.0618 8 1 235 1000021 0
0.0634 2 1 235 1000021 0
0.0634 3 1 235 1000021 0
0.0634 4 1 235 1000021 0
0.0634 5 1 235 1000021 0
0.0634 6 1 235 1000021 0
0.0634 7 1 235 1000021 0
0.0634 8 1 235 1000021 0
0.065 2 1 235 1000021 0
0.065 3 1 235 1000021 0
0.065 4 1 235 1000021 0
0.065 5 1 235 1000021 0
0.065 6 1 235 1000021 0
0.065 7 1 235 1000021 0
0.065 8 1 235 1000021 0
0.0666 2 1 235 1000021 0
0.0666 3 1 235 1000021 0
0.0666 4 1 235 1000021 0
0.0666 5 1 235 1000021 0
0.0666 6 1 235 1000021 0
0.0666 7 1 235 1000021 0
0.0666 8 1 235 1000021 0
0.0682 2 1 235 1000021 0
0.0682 3 1 235 1000021 0
0.0682 4 1 235 1000021 0
0.0682 5 1 235 1000021 0
0.0682 6 1 235 1000021 0
0.0682 7 1 235 1000021 0
0.0682 8 1 235 1000021 0
0.0698 2 1 235 1000021 0
0.0698 3 1 235 1000021 0
0.0698 4 1 235 1000021 0
0.0698 5 1 235 1000021 0
0.0698 6 1 235 1000021 0
0.0698 7 1 235 1000021 0
0.0698 8 1 235 1000021 0
0.0714 2 1 235 1000021 0
0.0714 3 1 235 1000021 0
0.0714 4 1 235 1000021 0
0.0714 5 1 235 1000021 0
0.0714 6 1 235 1000021 0
0.0714 7 1 235 1000021 0
0.0714 8 1 235 1000021 0
0.073 2 1 235 1000021 0
0.073 3 1 235 1000021 0
0.073 4 1 235 1000021 0
0.073 5 1 235 1000021 0
0.073 6 1 235 1000021 0
0.073 7 1 235 1000021 0
0.073 8 1 235 1000021 0
0.0746 2 1 235 1000021 0
0.0746 3 1 235 1000021 0
0.0746 4 1 235 1000021 0
0.0746 5 1 235 1000021 0
0.0746 6 1 235 1000021 0
0.0746 7 1 235 1000021 0
0.0746 8 1 235 1000021 0
0.0762 2 1 235 1000021 0
0.0762 3 1 235 1000021 0
0.0762 4 1 235 1000021 0
0.0762 5 1 235 1000021 0
0.0762 6 1 235 1000021 0
0.0762 7 1 235 1000021 0
0.0762 8 1 235 1000021 0
0.0778 2 1 235 1000021 0
0.0778 3 1 235 1000021 0
0.0778 4 1 235 1000021 0
0.0778 5 1 235 1000021 0
0.0778 6 1 235 1000021 0
0.0778 7 1 235 1000021 0
0.0778 8 1 235 1000021 0
0.0794 2 1 235 1000021 0
0.0794 3 1 235 1000021 0
0.0794 4 1 235 1000021 0
0.0794 5 1 235 1000021 0
0.0794 6 1 235 1000021 0
0.0794 7 1 235 1000021 0
0.0794 8 1 235 1000021 0
0.081 2 1 235 1000021 0
0.081 3 1 235 1000021 0
0.081 4 1 235 1000021 0
0.081 5 1 235 1000021 0
0.081 6 1 235 1000021 0
0.081 7 1 235 1000021 0
0.081 8 1 235 1000021 0
0.0826 2 1 235 1000021 0
0.0826 3 1 235 1000021 0
0.0826 4 1 235 1000021 0
0.0826 5 1 235 1000021 0
0.0826 6 1 235 1000021 0
0.0826 7 1 235 1000021 0
0.0826 8 1 235 1000021 0
0.0842 2 1 235 1000021 0
0.0842 3 1 235 1000021 0
0.0842 4 1 235 1000021 0
0.0842 5 1 235 1000021 0
0.0842 6 1 235 1000021 0
0.0842 7 1 235 1000021 0
0.0842 8 1 235 1000021 0
0.0858 2 1 235 1000021 0
0.0858 3 1 235 1000021 0
0.0858 4 1 235 1000021 0
0.0858 5 1 235 1000021 0
0.0858 6 1 235 1000021 0
0.0858 7 1 235 1000021 0
0.0858 8 1 235 1000021 0
0.0874 2 1 235 1000021 0
0.0874 3 1 235 1000021 0
0.0874 4 1 235 1000021 0
0.0874 5 1 235 1000021 0
0.0874 6 1 235 1000021 0
0.0874 7 1 235 1000021 0
0.0874 8 1 235 1000021 0
0.089 2 1 235 1000021 0
0.089 3 1 235 1000021 0
0.089 4 1 235 1000021 0
0.089 5 1 235 1000021 0
0.089 6 1 235 1000021 0
0.089 7 1 235 1000021 0
0.089 8 1 235 1000021 0
0.0906 2 1 235 1000021 0
0.0906 3 1 235 1000021 0
0.0906 4 1 235 1000021 0
0.0906 5 1 235 1000021 0
0.0906 6 1 235 1000021 0
0.0906 7 1 235 1000021 0
0.0906 8 1 235 1000021 0
0.0922 2 1 235 1000021 0
0.0922 3 1 235 1000021 0
0.0922 4 1 235 1000021 0
0.0922 5 1 235 1000021 0
0.0922 6 1 235 1000021 0
0.0922 7 1 235 1000021 0
0.0922 8 1 235 1000021 0
0.0938 2 1 235 1000021 0
0.0938 3 1 235 1000021 0
0.0938 4 1 235 1000021 0
0.0938 5 1 235 1000021 0
0.0938 6 1 235 1000021 0
0.0938 7 1 235 1000021 0
0.0938 8 1 235 1000021 0
0.0954 2 1 235 1000021 0
0.0954 3 1 235 1000021 0
0.0954 4 1 235 1000021 0
0.0954 5 1 235 1000021 0
0.0954 6 1 235 1000021 0
0.0954 7 1 235 1000021 0
0.0954 8 1 235 1000021 0
0.097 2 1 235 1000021 0
0.097 3 1 235 1000021 0
0.097 4 1 235 1000021 0
0.097 5 1 235 1000021 0
0.097 6 1 235 1000021 0
0.097 7 1 235 1000021 0
0.097 8 1 235 1000021 0
0.0986 2 1 235 1000021 0
0.0986 3 1 235 1000021 0
0.0986 4 1 235 1000021 0
0.0986 5 1 235 1000021 0
0.0986 6 1 235 1000021 0
0.0986 7 1 235 1000021 0
0.0986 8 1 235 1000021 0
0.1002 2 1 235 1000021 0
0.1002 3 1 235 1000021 0
0.1002 4 1 235 1000021 0
0.1002 5 1 235 1000021 0
0.1002 6 1 235 1000021 0
0.1002 7 1 235 1000021 0
0.1002 8 1 235 1000021 0
0.1018 2 1 235 1000021 0
0.1018 3 1 235 1000021 0
0.1018 4 1 235 1000021 0
0.1018 5 1 235 1000021 0
0.1018 6 1 235 1000021 0
0.1018 7 1 235 1000021 0
0.1018 8 1 235 1000021 0
0.1034 2 1 235 1000021 0
0.1034 3 1 235 1000021 0
0.1034 4 1 235 1000021 0
0.1034 5 1 235 1000021 0
0.1034 6 1 235 1000021 0
0.1034 7 1 235 1000021 0
0.1034 8 1 235 1000021 0
