0.109268 9 3 3
0.109268 12 4 3
0.109268 13 4 6
0.109268 4 2 7
0.109268 5 3 7
0.109268 7 4 7
0.109268 1 2 8
0.109268 3 3 8
0.109268 8 4 8
0.109268 10 5 8
0.209268 1 3 4
0.209268 4 4 4
0.209268 6 3 5
0.209268 11 6 8
0.209268 12 5 6
0.209268 13 5 3
0.209268 7 6 3
0.209268 2 5 7
0.209268 10 6 7
0.309268 6 7 7
0.309268 11 8 7
0.309268 12 5 4
0.309268 1 4 5
0.309268 5 5 5
0.309268 7 7 8
0.309268 4 8 8
0.309268 14 9 8
0.309268 2 6 6
0.309268 10 7 6
0.309268 3 7 3
0.409268 9 9 7
0.409268 3 6 4
0.409268 10 7 4
0.409268 13 8 4
0.409268 8 6 5
0.409268 2 8 3
0.409268 5 9 3
0.409268 7 8 6
0.509268 7 7 5
0.509268 5 8 5
0.509268 9 9 5
0.509268 4 10 3
0.509268 14 11 3
0.509268 2 10 7
0.509268 3 11 7
0.509268 10 12 7
0.509268 6 10 8
0.509268 1 9 6
0.609268 7 12 3
0.609268 3 10 6
0.609268 1 9 4
0.609268 6 10 4
0.609268 13 13 7
0.609268 8 14 7
0.609268 4 11 8
0.609268 5 12 8
0.609268 11 13 8
0.609268 9 14 8
0.609268 2 10 5
