timestamp,ueImsiComplete,DRB.PdcpSduDelayDl(cellAverageLatency),m_pDCPBytesUL(0),m_pDCPBytesDL(cellDlTxVolume),DRB.PdcpSduVolumeDl_Filter.UEID(txBytes),Tot.PdcpSduNbrDl.UEID(txDlPackets),DRB.PdcpSduBitRateDl.UEID(pdcpThroughput),DRB.PdcpSduDelayDl.UEID(pdcpLatency),txPdcpPduLteRlc,txPdcpPduBytesLteRlc,QosFlow.PdcpPduVolumeDL_Filter.UEID(txPdcpPduBytesNrRlc),DRB.PdcpPduNbrDl.Qos.UEID(txPdcpPduNrRlc)
1760608120359,00004,0.000000,0,0,0,0,0.000000,0.000000,0,0,0.000000,0
1760608120359,00006,0.000000,0,0,0,0,0.000000,0.000000,0,0,0.000000,0
1760608120359,00013,0.000000,0,0,0,0,0.000000,0.000000,0,0,0.000000,0
1760608120359,00002,0.000000,0,0,0,0,0.000000,0.000000,0,0,0.000000,0
1760608120359,00012,0.000000,0,0,0,0,0.000000,0.000000,0,0,0.000000,0
1760608120359,00009,0.000000,0,0,0,0,0.000000,0.000000,0,0,0.000000,0
1760608120359,00005,0.000000,0,0,0,0,0.000000,0.000000,0,0,0.000000,0
1760608120359,00003,0.000000,0,0,0,0,0.000000,0.000000,0,0,0.000000,0
1760608120359,00007,0.000000,0,0,0,0,0.000000,0.000000,0,0,0.000000,0
1760608120359,00014,0.000000,0,0,0,0,0.000000,0.000000,0,0,0.000000,0
1760608120359,00010,0.000000,0,0,0,0,0.000000,0.000000,0,0,0.000000,0
1760608120359,00011,0.000000,0,0,0,0,0.000000,0.000000,0,0,0.000000,0
1760608120359,00008,0.000000,0,0,0,0,0.000000,0.000000,0,0,0.000000,0
1760608120359,00001,0.000000,0,0,0,0,0.000000,0.000000,0,0,0.000000,0
1760608120459,00004,273.766137,0,26264,1876,179,18760.000000,294.807247,86,901,975.000000,93
1760608120459,00006,273.766137,0,26264,1876,179,18760.000000,106.230588,87,912,964.000000,92
1760608120459,00013,273.766137,0,26264,1876,179,18760.000000,316.191873,95,996,880.000000,84
1760608120459,00002,273.766137,0,26264,1876,179,18760.000000,309.111273,86,901,975.000000,93
1760608120459,00012,273.766137,0,26264,1876,179,18760.000000,255.277506,95,996,880.000000,84
1760608120459,00009,273.766137,0,26264,1876,179,18760.000000,307.350999,91,954,922.000000,88
1760608120459,00005,273.766137,0,26264,1876,179,18760.000000,252.270521,87,912,964.000000,92
1760608120459,00003,273.766137,0,26264,1876,179,18760.000000,278.571191,91,954,922.000000,88
1760608120459,00007,273.766137,0,26264,1876,179,18760.000000,276.824879,90,943,933.000000,89
1760608120459,00014,273.766137,0,26264,1876,179,18760.000000,264.550866,85,891,985.000000,94
1760608120459,00010,273.766137,0,26264,1876,179,18760.000000,266.751405,90,943,933.000000,89
1760608120459,00011,273.766137,0,26264,1876,179,18760.000000,299.305488,95,996,880.000000,84
1760608120459,00008,273.766137,0,26264,1876,179,18760.000000,285.261377,83,870,1006.000000,96
1760608120459,00001,273.766137,0,26264,1876,179,18760.000000,320.220698,85,891,985.000000,94
1760608120559,00004,739.580343,0,29344,2096,200,20960.000000,675.386774,82,859,1237.000000,118
1760608120559,00006,739.580343,0,29344,2096,200,20960.000000,738.534140,110,1153,943.000000,90
1760608120559,00013,739.580343,0,29344,2096,200,20960.000000,870.697335,112,1174,922.000000,88
1760608120559,00002,739.580343,0,29344,2096,200,20960.000000,705.990033,96,1006,1090.000000,104
1760608120559,00012,739.580343,0,29344,2096,200,20960.000000,713.204701,96,1006,1090.000000,104
1760608120559,00009,739.580343,0,29344,2096,200,20960.000000,714.052131,100,1048,1048.000000,100
1760608120559,00005,739.580343,0,29344,2096,200,20960.000000,666.744940,99,1038,1058.000000,101
1760608120559,00003,739.580343,0,29344,2096,200,20960.000000,732.266540,114,1195,901.000000,86
1760608120559,00007,739.580343,0,29344,2096,200,20960.000000,689.023340,101,1058,1038.000000,99
1760608120559,00014,739.580343,0,29344,2096,200,20960.000000,952.153113,114,1195,901.000000,86
1760608120559,00010,739.580343,0,29344,2096,200,20960.000000,724.290940,100,1048,1048.000000,100
1760608120559,00011,739.580343,0,29344,2096,200,20960.000000,747.880140,101,1058,1038.000000,99
1760608120559,00008,739.580343,0,29344,2096,200,20960.000000,691.812540,93,975,1121.000000,107
1760608120559,00001,739.580343,0,29344,2096,200,20960.000000,732.088140,95,996,1100.000000,105
1760608120659,00004,1249.319901,0,29344,2096,200,20960.000000,1565.464435,98,1027,1069.000000,102
1760608120659,00006,1249.319901,0,29344,2096,200,20960.000000,1216.934140,94,985,1111.000000,106
1760608120659,00013,1249.319901,0,29344,2096,200,20960.000000,1337.619723,99,1038,1058.000000,101
1760608120659,00002,1249.319901,0,29344,2096,200,20960.000000,1191.577340,83,870,1226.000000,117
1760608120659,00012,1249.319901,0,29344,2096,200,20960.000000,1445.461805,108,1132,964.000000,92
1760608120659,00009,1249.319901,0,29344,2096,200,20960.000000,1221.217529,98,1027,1069.000000,102
1760608120659,00005,1249.319901,0,29344,2096,200,20960.000000,860.017959,101,1058,1038.000000,99
1760608120659,00003,1249.319901,0,29344,2096,200,20960.000000,1212.166540,113,1184,912.000000,87
1760608120659,00007,1249.319901,0,29344,2096,200,20960.000000,1191.323340,108,1132,964.000000,92
1760608120659,00014,1249.319901,0,29344,2096,200,20960.000000,1236.649799,99,1038,1058.000000,101
1760608120659,00010,1249.319901,0,29344,2096,200,20960.000000,1558.665182,94,985,1111.000000,106
1760608120659,00011,1249.319901,0,29344,2096,200,20960.000000,1280.880140,103,1079,1017.000000,97
1760608120659,00008,1249.319901,0,29344,2096,200,20960.000000,1086.612540,99,1038,1058.000000,101
1760608120659,00001,1249.319901,0,29344,2096,200,20960.000000,1085.888140,105,1100,996.000000,95
1760608120759,00004,1841.873491,0,29344,2096,200,20960.000000,1956.517072,105,1100,996.000000,95
1760608120759,00006,1841.873491,0,29344,2096,200,20960.000000,1734.234140,95,996,1100.000000,105
1760608120759,00013,1841.873491,0,29344,2096,200,20960.000000,1860.058540,102,1069,1027.000000,98
1760608120759,00002,1841.873491,0,29344,2096,200,20960.000000,1889.367104,101,1058,1038.000000,99
1760608120759,00012,1841.873491,0,29344,2096,200,20960.000000,1959.108083,93,975,1121.000000,107
1760608120759,00009,1841.873491,0,29344,2096,200,20960.000000,1829.268523,107,1121,975.000000,93
1760608120759,00005,1841.873491,0,29344,2096,200,20960.000000,1442.621766,114,1195,901.000000,86
1760608120759,00003,1841.873491,0,29344,2096,200,20960.000000,2017.641732,106,1111,985.000000,94
1760608120759,00007,1841.873491,0,29344,2096,200,20960.000000,2309.200721,96,1006,1090.000000,104
1760608120759,00014,1841.873491,0,29344,2096,200,20960.000000,1679.747740,103,1079,1017.000000,97
1760608120759,00010,1841.873491,0,29344,2096,200,20960.000000,2081.329931,104,1090,1006.000000,96
1760608120759,00011,1841.873491,0,29344,2096,200,20960.000000,1860.632845,102,1069,1027.000000,98
1760608120759,00008,1841.873491,0,29344,2096,200,20960.000000,1562.212540,105,1100,996.000000,95
1760608120759,00001,1841.873491,0,29344,2096,200,20960.000000,1604.288140,94,985,1111.000000,106
1760608120859,00004,2158.542227,0,29344,2096,200,20960.000000,2051.821987,108,1132,964.000000,92
1760608120859,00006,2158.542227,0,29344,2096,200,20960.000000,2721.179476,109,1142,954.000000,91
1760608120859,00013,2158.542227,0,29344,2096,200,20960.000000,2367.995795,110,1153,943.000000,90
1760608120859,00002,2158.542227,0,29344,2096,200,20960.000000,2053.016556,90,943,1153.000000,110
1760608120859,00012,2158.542227,0,29344,2096,200,20960.000000,2361.170297,107,1121,975.000000,93
1760608120859,00009,2158.542227,0,29344,2096,200,20960.000000,2259.999779,108,1132,964.000000,92
1760608120859,00005,2158.542227,0,29344,2096,200,20960.000000,765.195900,108,1132,964.000000,92
1760608120859,00003,2158.542227,0,29344,2096,200,20960.000000,2368.766540,111,1163,933.000000,89
1760608120859,00007,2158.542227,0,29344,2096,200,20960.000000,2488.073652,106,1111,985.000000,94
1760608120859,00014,2158.542227,0,29344,2096,200,20960.000000,2252.606361,106,1111,985.000000,94
1760608120859,00010,2158.542227,0,29344,2096,200,20960.000000,2129.106626,104,1090,1006.000000,96
1760608120859,00011,2158.542227,0,29344,2096,200,20960.000000,2265.953608,105,1100,996.000000,95
1760608120859,00008,2158.542227,0,29344,2096,200,20960.000000,2046.579207,102,1069,1027.000000,98
1760608120859,00001,2158.542227,0,29344,2096,200,20960.000000,2088.125395,105,1100,996.000000,95
