% start	end	CellId	IMSI	RNTI	LCID	nTxPDUs	TxBytes	nRxPDUs	RxBytes	delay	stdDev	min	max	PduSize	stdDev	min	max
0.1	0.2	1	1	14	3	178	233180	43	56330	0.0320221	0.0124446	0.0109988	0.0539988	1310	0	1310	1310	
0.1	0.2	1	2	4	3	178	233180	45	58950	0.0309111	0.0176637	0.00493691	0.0768119	1310	0	1310	1310	
0.1	0.2	1	3	8	3	178	233180	43	56330	0.0278571	0.0114514	0.00699665	0.0454967	1310	0	1310	1310	
0.1	0.2	1	4	1	3	178	233180	54	70740	0.0294807	0.015301	0.00349557	0.0762383	1310	0	1310	1310	
0.1	0.2	1	5	7	3	178	233180	43	56330	0.0252271	0.012357	0.00499449	0.0459945	1310	0	1310	1310	
0.1	0.2	1	6	2	3	178	233180	133	174230	0.0106836	0.0153696	0.00100402	0.0519934	1310	0	1310	1310	
0.1	0.2	1	7	9	3	178	233180	45	58950	0.0276825	0.0125614	0.00649233	0.0505744	1310	0	1310	1310	
0.1	0.2	1	8	13	3	178	233180	43	56330	0.0285261	0.0122651	0.00799125	0.0494913	1310	0	1310	1310	
0.1	0.2	1	9	6	3	178	233180	43	56330	0.0307351	0.0170874	0.00399017	0.0840008	1310	0	1310	1310	
0.1	0.2	1	10	11	3	178	233180	43	56330	0.0266751	0.0125594	0.00598909	0.0484891	1310	0	1310	1310	
0.1	0.2	1	11	12	3	178	233180	45	58950	0.0299305	0.0133336	0.00948801	0.06757	1310	0	1310	1310	
0.1	0.2	1	12	5	3	178	233180	91	119210	0.0255108	0.0137701	0.00431897	0.0552475	1310	0	1310	1310	
0.1	0.2	1	13	3	3	178	233180	45	58950	0.0316192	0.0143845	0.00398585	0.0544859	1310	0	1310	1310	
0.1	0.2	1	14	10	3	178	233180	45	58950	0.0264551	0.0119606	0.00556681	0.0454848	1310	0	1310	1310	
0.2	0.3	1	1	14	3	199	260690	50	65500	0.0732088	0.0120438	0.0514988	0.0914988	1310	0	1310	1310	
0.2	0.3	1	2	4	3	199	260690	59	77290	0.070599	0.0151783	0.0449977	0.0974977	1310	0	1310	1310	
0.2	0.3	1	3	8	3	199	260690	50	65500	0.0732267	0.0147435	0.0474967	0.0954967	1310	0	1310	1310	
0.2	0.3	1	4	1	3	199	260690	58	75980	0.0675387	0.0186708	0.0359956	0.0964956	1310	0	1310	1310	
0.2	0.3	1	5	7	3	199	260690	50	65500	0.0666745	0.0146314	0.0424945	0.0894945	1310	0	1310	1310	
0.2	0.3	1	6	2	3	199	260690	50	65500	0.0738534	0.012926	0.0504934	0.0959934	1310	0	1310	1310	
0.2	0.3	1	7	9	3	199	260690	50	65500	0.0689023	0.0154632	0.0419923	0.0949923	1310	0	1310	1310	
0.2	0.3	1	8	13	3	199	260690	50	65500	0.0691813	0.0126793	0.0454913	0.0909913	1310	0	1310	1310	
0.2	0.3	1	9	6	3	199	260690	52	68120	0.0714052	0.0203817	0.0489902	0.177072	1310	0	1310	1310	
0.2	0.3	1	10	11	3	199	260690	50	65500	0.0724291	0.0157297	0.0464891	0.0979891	1310	0	1310	1310	
0.2	0.3	1	11	12	3	199	260690	50	65500	0.074788	0.0159933	0.048988	0.100488	1310	0	1310	1310	
0.2	0.3	1	12	5	3	199	260690	56	73360	0.0713205	0.0195653	0.0284618	0.0999869	1310	0	1310	1310	
0.2	0.3	1	13	3	3	199	260690	61	79910	0.0870697	0.0197486	0.0559859	0.165318	1310	0	1310	1310	
0.2	0.3	1	14	10	3	199	260690	99	129690	0.0952153	0.0333264	0.0394848	0.145817	1310	0	1310	1310	
0.3	0.4	1	1	14	3	199	260690	50	65500	0.108589	0.0137101	0.0874988	0.132499	1310	0	1310	1310	
0.3	0.4	1	2	4	3	199	260690	50	65500	0.119158	0.011295	0.100498	0.141998	1310	0	1310	1310	
0.3	0.4	1	3	8	3	199	260690	50	65500	0.121217	0.0156561	0.0954967	0.147997	1310	0	1310	1310	
0.3	0.4	1	4	1	3	199	260690	157	205670	0.156546	0.0290742	0.0974956	0.192578	1310	0	1310	1310	
0.3	0.4	1	5	7	3	199	260690	338	442780	0.0862533	0.0610349	0.000987242	0.197577	1310	0	1310	1310	
0.3	0.4	1	6	2	3	199	260690	50	65500	0.121693	0.0146388	0.0974934	0.145493	1310	0	1310	1310	
0.3	0.4	1	7	9	3	199	260690	50	65500	0.119132	0.0127295	0.0959923	0.139992	1310	0	1310	1310	
0.3	0.4	1	8	13	3	199	260690	50	65500	0.108661	0.0132652	0.0849913	0.130491	1310	0	1310	1310	
0.3	0.4	1	9	6	3	199	260690	57	74670	0.122122	0.0151043	0.0954902	0.14949	1310	0	1310	1310	
0.3	0.4	1	10	11	3	199	260690	67	87770	0.155867	0.0604263	0.0994891	0.265571	1310	0	1310	1310	
0.3	0.4	1	11	12	3	199	260690	50	65500	0.128088	0.0142467	0.104488	0.151488	1310	0	1310	1310	
0.3	0.4	1	12	5	3	199	260690	119	155890	0.144546	0.0228583	0.0964869	0.181569	1310	0	1310	1310	
0.3	0.4	1	13	3	3	199	260690	51	66810	0.133762	0.0198233	0.105986	0.225568	1310	0	1310	1310	
0.3	0.4	1	14	10	3	199	260690	83	108730	0.123665	0.0162758	0.0919848	0.148317	1310	0	1310	1310	
0.4	0.5	1	1	14	3	199	260690	50	65500	0.160429	0.0151469	0.134499	0.185499	1310	0	1310	1310	
0.4	0.5	1	2	4	3	199	260690	62	81220	0.188937	0.0527607	0.139498	0.29633	1310	0	1310	1310	
0.4	0.5	1	3	8	3	199	260690	66	86460	0.201764	0.0607912	0.147997	0.363579	1310	0	1310	1310	
0.4	0.5	1	4	1	3	199	260690	108	141480	0.195423	0.0384416	0.137496	0.246578	1310	0	1310	1310	
0.4	0.5	1	5	7	3	199	260690	67	87770	0.144262	0.0586407	0.000987242	0.191994	1310	0	1310	1310	
0.4	0.5	1	6	2	3	199	260690	50	65500	0.173423	0.0162204	0.147493	0.201493	1310	0	1310	1310	
0.4	0.5	1	7	9	3	199	260690	101	132310	0.23092	0.0675996	0.139492	0.329182	1310	0	1310	1310	
0.4	0.5	1	8	13	3	199	260690	50	65500	0.156221	0.0138738	0.133491	0.179991	1310	0	1310	1310	
0.4	0.5	1	9	6	3	199	260690	55	72050	0.182927	0.0412817	0.14649	0.324822	1310	0	1310	1310	
0.4	0.5	1	10	11	3	199	260690	104	136240	0.208133	0.0400104	0.147989	0.271553	1310	0	1310	1310	
0.4	0.5	1	11	12	3	199	260690	52	68120	0.186063	0.0282497	0.156488	0.30907	1310	0	1310	1310	
0.4	0.5	1	12	5	3	199	260690	86	112660	0.195911	0.0292137	0.148987	0.238069	1310	0	1310	1310	
0.4	0.5	1	13	3	3	199	260690	50	65500	0.186006	0.0155288	0.160486	0.209986	1310	0	1310	1310	
0.4	0.5	1	14	10	3	199	260690	50	65500	0.167975	0.0163677	0.141485	0.195485	1310	0	1310	1310	
0.5	0.6	1	1	14	3	199	260690	51	66810	0.208813	0.0153737	0.184999	0.235499	1310	0	1310	1310	
0.5	0.6	1	2	4	3	199	260690	51	66810	0.205302	0.0128686	0.183998	0.226998	1310	0	1310	1310	
0.5	0.6	1	3	8	3	199	260690	50	65500	0.236877	0.0150701	0.211997	0.260997	1310	0	1310	1310	
0.5	0.6	1	4	1	3	199	260690	58	75980	0.205182	0.0148503	0.178996	0.225996	1310	0	1310	1310	
0.5	0.6	1	5	7	3	199	260690	231	302610	0.0768419	0.0813874	0.000987242	0.240494	1310	0	1310	1310	
0.5	0.6	1	6	2	3	199	260690	157	205670	0.272118	0.0366562	0.202493	0.316558	1310	0	1310	1310	
0.5	0.6	1	7	9	3	199	260690	74	96940	0.248807	0.059908	0.190492	0.364074	1310	0	1310	1310	
0.5	0.6	1	8	13	3	199	260690	51	66810	0.204658	0.0133254	0.183491	0.228991	1310	0	1310	1310	
0.5	0.6	1	9	6	3	199	260690	51	66810	0.226	0.0142911	0.20199	0.24849	1310	0	1310	1310	
0.5	0.6	1	10	11	3	199	260690	51	66810	0.212911	0.0128543	0.191989	0.234989	1310	0	1310	1310	
0.5	0.6	1	11	12	3	199	260690	52	68120	0.226595	0.0333196	0.200488	0.44407	1310	0	1310	1310	
0.5	0.6	1	12	5	3	199	260690	69	90390	0.236117	0.0332805	0.197987	0.320194	1310	0	1310	1310	
0.5	0.6	1	13	3	3	199	260690	51	66810	0.2368	0.0144322	0.213486	0.260986	1310	0	1310	1310	
0.5	0.6	1	14	10	3	199	260690	58	75980	0.225261	0.0155699	0.200485	0.252485	1310	0	1310	1310	
0.6	0.7	1	1	14	3	21	27510	54	70740	0.279553	0.0697538	0.233999	0.519724	1310	0	1310	1310	
0.6	0.7	1	2	4	3	21	27510	50	65500	0.244698	0.0130853	0.223998	0.268498	1310	0	1310	1310	
0.6	0.7	1	3	8	3	21	27510	168	220080	0.426565	0.0908768	0.263997	0.510329	1310	0	1310	1310	
0.6	0.7	1	4	1	3	21	27510	71	93010	0.274938	0.0454843	0.226496	0.385328	1310	0	1310	1310	
0.6	0.7	1	5	7	3	21	27510	57	74670	0.233525	0.088476	0.0011301	0.286994	1310	0	1310	1310	
0.6	0.7	1	6	2	3	21	27510	50	65500	0.269963	0.0140884	0.244993	0.291493	1310	0	1310	1310	
0.6	0.7	1	7	9	3	21	27510	73	95630	0.308728	0.0477415	0.252992	0.386717	1310	0	1310	1310	
0.6	0.7	1	8	13	3	21	27510	50	65500	0.251261	0.0146967	0.225491	0.275491	1310	0	1310	1310	
0.6	0.7	1	9	6	3	21	27510	87	113970	0.371854	0.121074	0.24849	0.531715	1310	0	1310	1310	
0.6	0.7	1	10	11	3	21	27510	57	74670	0.260831	0.0161953	0.235489	0.288489	1310	0	1310	1310	
0.6	0.7	1	11	12	3	21	27510	57	74670	0.273892	0.0180521	0.243988	0.303488	1310	0	1310	1310	
0.6	0.7	1	12	5	3	21	27510	114	149340	0.311267	0.038622	0.245487	0.363819	1310	0	1310	1310	
0.6	0.7	1	13	3	3	21	27510	50	65500	0.281996	0.0121921	0.263486	0.304486	1310	0	1310	1310	
0.6	0.7	1	14	10	3	21	27510	50	65500	0.278475	0.0145443	0.254485	0.303485	1310	0	1310	1310	
