% start	end	CellId	IMSI	RNTI	LCID	nTxPDUs	TxBytes	nRxPDUs	RxBytes	delay	stdDev	min	max	PduSize	stdDev	min	max
0.1	0.2	1	1	2	3	15	57009	6	56532	0.003	0	0.003	0.003	9422	0	9422	9422	
0.1	0.2	3	2	2	3	278	133476	314	131583	0.00088164	0.000436548	0	0.003	419.054	1161.81	24	9422	
0.1	0.2	1	3	8	3	13	57047	6	56532	0.003	0	0.003	0.003	9422	0	9422	9422	
0.1	0.2	7	4	2	3	174	114843	204	113548	0.00104949	0.00054263	0	0.003	556.608	1425.62	13	9422	
0.1	0.2	7	5	3	3	16	56772	16	56772	0.00213661	0.000840001	0	0.003	3548.25	4699.01	13	9422	
0.1	0.2	2	6	2	3	108	178778	110	179880	0.00103487	0.000598591	0.000635713	0.003	1635.27	1915.58	49	9422	
0.1	0.2	1	7	9	3	186	69958	200	70513	0.00093364	0.000465774	0	0.003	352.565	1599.22	5	9422	
0.1	0.2	8	8	4	3	18	57397	6	56532	0.003	0	0.003	0.003	9422	0	9422	9422	
0.1	0.2	3	9	3	3	198	74712	214	75803	0.000910161	0.000489684	0	0.003	354.22	1474.06	14	9422	
0.1	0.2	8	10	5	3	15	57010	9	56655	0.00247976	0.000823502	0.00083214	0.003	6295	4690.51	23	9422	
0.1	0.2	1	11	12	3	43	59412	43	59412	0.00139252	0.000773447	0.000707141	0.003	1381.67	3276.76	9	9422	
0.1	0.2	3	12	4	3	312	124103	315	124036	0.00086265	0.000323414	0	0.003	393.765	1229.13	13	9422	
0.1	0.2	1	13	4	3	19	60253	7	59158	0.003	0	0.003	0.003	8451.14	2568.65	2626	9422	
0.1	0.2	1	14	10	3	31	59961	31	59961	0.00152419	0.000860724	0.000724998	0.003	1934.23	3730.06	22	9422	
0.2	0.3	1	1	3	3	32	123738	14	122591	0.00291658	0.000312123	0.00183214	0.003	8756.5	2490.07	105	9422	
0.2	0.3	1	2	5	3	309	203166	342	211335	0.000941529	0.000547408	0	0.003	617.939	1761.88	24	9422	
0.2	0.3	8	3	8	3	31	124156	13	122486	0.003	0	0.003	0.003	9422	0	9422	9422	
0.2	0.3	1	4	1	3	198	183771	220	191487	0.0011587	0.000702176	0	0.00383214	870.395	2158.69	13	9422	
0.2	0.3	1	5	7	3	32	123671	23	122726	0.00239938	0.000803799	0	0.003	5335.91	4763.57	13	9422	
0.2	0.3	5	6	3	3	135	255198	129	259698	0.00116251	0.00072886	0.000635713	0.003	2013.16	2516.02	31	9422	
0.2	0.3	3	7	9	3	208	136649	210	136584	0.000996851	0.000591518	0	0.003	650.4	2258.84	5	9422	
0.2	0.3	1	8	13	3	34	124296	13	122486	0.003	0	0.003	0.003	9422	0	9422	9422	
0.2	0.3	3	9	3	3	323	238291	335	223330	0.000964891	0.000583598	0	0.00383214	666.657	1764.14	14	9422	
0.2	0.3	7	10	6	3	41	124641	30	123865	0.00196916	0.00101395	0.000742855	0.003	4128.83	4707.99	23	9422	
0.2	0.3	8	11	6	3	64	126781	57	126101	0.00188953	0.00112437	0.000707141	0.00383214	2212.3	3954.14	9	9422	
0.2	0.3	1	12	5	3	352	206789	348	198370	0.000918347	0.000440874	0	0.003	570.029	1726.81	13	9422	
0.2	0.3	3	13	5	3	140	144662	131	143380	0.00109198	0.000724114	0	0.003	1094.5	2784.79	9	9422	
0.2	0.3	6	14	3	3	263	263268	271	261860	0.00101854	0.00056823	0	0.003	966.273	1924.22	22	9422	
0.3	0.4	5	1	4	3	51	190558	21	188545	0.00294439	0.000254848	0.00183214	0.003	8978.33	2033.14	105	9422	
0.3	0.4	1	2	4	3	326	269554	349	277289	0.000982816	0.000614126	0	0.003	794.524	2137.67	24	9422	
0.3	0.4	1	3	8	3	49	200417	23	188700	0.0030604	0.000305644	0.002475	0.00408214	8204.35	3214.64	50	9422	
0.3	0.4	1	4	8	3	499	393477	521	401193	0.0010572	0.000587698	0	0.00383214	770.044	1744.51	13	9422	
0.3	0.4	5	5	5	3	229	578761	220	569708	0.00107397	0.000670891	0	0.003	2589.58	2287.76	13	9422	
0.3	0.4	7	6	7	3	154	322192	136	325652	0.00125709	0.000818383	0.000635713	0.003	2394.5	2949.88	31	9422	
0.3	0.4	8	7	7	3	226	203011	217	202538	0.00106147	0.000681468	0	0.003	933.355	2711.1	5	9422	
0.3	0.4	8	8	4	3	52	190901	20	188440	0.003	0	0.003	0.003	9422	0	9422	9422	
0.3	0.4	1	9	3	3	366	319828	382	316877	0.00102704	0.000681533	0	0.00383214	829.521	2078.6	14	9422	
0.3	0.4	6	10	7	3	318	347450	325	348055	0.00105679	0.000670078	0	0.00383214	1070.94	2167.51	9	9422	
0.3	0.4	7	11	8	3	81	193565	76	193095	0.00192406	0.00117336	0	0.00383214	2540.72	4139.98	9	9422	
0.3	0.4	4	12	5	3	676	406224	677	404440	0.000935764	0.000443	0	0.003	597.4	1575.38	13	9422	
0.3	0.4	1	13	3	3	150	210870	145	209934	0.00115303	0.000825628	0	0.003	1447.82	3208.73	9	9422	
0.3	0.4	8	14	9	3	306	339152	310	339675	0.00104987	0.000627111	0	0.003	1095.73	2208.38	22	9422	
0.4	0.5	1	1	14	3	67	257457	28	254499	0.00295829	0.000220705	0.00183214	0.003	9089.25	1760.75	105	9422	
0.4	0.5	1	2	4	3	387	352079	411	360180	0.00102851	0.000643392	0	0.003	876.35	2275.39	24	9422	
0.4	0.5	1	3	8	3	123	281123	95	278097	0.0016047	0.0010762	0	0.00408214	2927.34	4221.57	13	9422	
0.4	0.5	8	4	8	3	645	535882	670	543405	0.00104812	0.000604867	0	0.00383214	811.052	1778.41	13	9422	
0.4	0.5	1	5	9	3	257	657579	239	659538	0.00113262	0.000738224	0	0.003	2759.57	2536.01	13	9422	
0.4	0.5	1	6	2	3	167	388776	145	391816	0.00137675	0.000923708	0.000635713	0.00383214	2702.18	3245.94	31	9422	
0.4	0.5	6	7	8	3	525	579317	533	570635	0.000992768	0.000587522	0	0.003	1070.61	1999.51	5	9422	
0.4	0.5	5	8	13	3	72	258220	27	254394	0.003	0	0.003	0.003	9422	0	9422	9422	
0.4	0.5	1	9	6	3	506	423908	518	418653	0.00102474	0.000656187	0	0.00383214	808.21	2065.3	14	9422	
0.4	0.5	4	10	11	3	363	443421	362	445671	0.00109601	0.000717955	0	0.00383214	1231.14	2355.8	9	9422	
0.4	0.5	1	11	12	3	110	262099	106	261734	0.00181081	0.00113111	0	0.00383214	2469.19	4084.35	9	9422	
0.4	0.5	4	12	5	3	915	525851	955	529323	0.000901116	0.000466239	0	0.003	554.265	1539.99	5	9422	
0.4	0.5	1	13	8	3	174	278130	160	276830	0.00120627	0.00088663	0	0.003	1730.19	3483.24	9	9422	
0.4	0.5	1	14	10	3	321	415263	317	405629	0.00109293	0.00068333	0	0.003	1279.59	2504.14	22	9422	
0.5	0.6	6	1	9	3	86	324506	35	320453	0.00296663	0.000197404	0.00183214	0.003	9155.8	1574.86	105	9422	
0.5	0.6	7	2	10	3	407	418790	422	426499	0.00105935	0.000683502	0	0.003	1010.66	2498.83	24	9422	
0.5	0.6	1	3	8	3	142	347720	102	344051	0.00170045	0.00109709	0	0.00408214	3373.05	4394.24	13	9422	
0.5	0.6	3	4	10	3	687	613023	700	619625	0.0010648	0.000626115	0	0.00383214	885.179	1941.27	13	9422	
0.5	0.6	5	5	8	3	437	962846	421	966911	0.00103639	0.000641989	0	0.003	2296.7	2294.63	13	9422	
0.5	0.6	8	6	10	3	487	632035	469	634480	0.00110204	0.000668316	0	0.00383214	1352.84	2290.87	31	9422	
0.5	0.6	5	7	7	3	662	743404	677	743234	0.00101112	0.000596486	0	0.003	1097.83	2012.69	5	9422	
0.5	0.6	1	8	13	3	88	324706	34	320348	0.003	0	0.003	0.003	9422	0	9422	9422	
0.5	0.6	1	9	9	3	523	490432	528	484700	0.00105673	0.000695264	0	0.00383214	917.992	2271.88	14	9422	
0.5	0.6	1	10	11	3	421	526134	418	518949	0.0011441	0.000737876	0	0.00383214	1241.5	2463.46	9	9422	
0.5	0.6	1	11	12	3	130	338735	125	328948	0.00195146	0.00112577	0	0.00383214	2631.58	4167.62	9	9422	
0.5	0.6	4	12	5	3	1071	643133	1118	647767	0.000916756	0.000483099	0	0.003	579.398	1589.4	5	9422	
0.5	0.6	1	13	3	3	190	344864	167	342784	0.00128146	0.000939656	0	0.003	2052.6	3743.21	9	9422	
0.5	0.6	1	14	10	3	338	481882	325	481005	0.00113988	0.000736885	0	0.003	1480.02	2777.16	22	9422	
