0.108 1 1 3 8
0.108 3 1 6 8
0.108 4 1 2 7
0.108 5 1 5 7
0.108 8 1 4 8
0.108 9 1 8 3
0.108 13 3 2 6
0.108 12 2 4 3
0.108 10 2 6 8
0.108 7 2 5 7
0.208 1 2 8 4
0.208 2 2 3 7
0.208 4 2 7 4
0.208 6 2 2 5
0.208 13 4 6 3
0.208 10 5 8 7
0.208 12 4 3 6
0.208 7 4 7 3
0.208 11 1 7 8
0.308 1 3 4 5
0.308 2 5 7 6
0.308 3 3 8 3
0.308 6 3 5 7
0.308 7 6 3 8
0.308 12 5 6 4
0.308 4 4 4 8
0.308 5 3 7 5
0.308 11 6 8 7
0.308 14 3 6 8
0.308 10 6 7 6
0.408 2 6 6 3
0.408 3 7 3 4
0.408 5 5 5 3
0.408 7 7 8 6
0.408 10 7 6 4
0.408 9 3 3 7
0.408 8 4 8 5
0.408 13 5 3 4
0.508 1 4 5 6
0.508 2 8 3 7
0.508 3 6 4 7
0.508 4 8 8 3
0.508 6 7 7 8
0.508 7 8 6 5
0.508 5 9 3 5
0.508 9 9 7 5
0.508 10 7 4 7
0.508 14 9 8 3
0.608 1 9 6 4
0.608 2 10 7 5
0.608 4 10 3 8
0.608 5 8 5 8
0.608 6 10 8 4
0.608 13 8 4 7
0.608 3 11 7 6
0.608 7 7 5 3
0.608 11 8 7 8
0.608 8 6 5 7
0.608 9 9 5 8
