0.109768 9 3 3
0.109768 12 4 3
0.109768 13 4 6
0.109768 4 2 7
0.109768 5 3 7
0.109768 7 4 7
0.109768 1 2 8
0.109768 3 3 8
0.109768 8 4 8
0.109768 10 5 8
0.209768 1 3 4
0.209768 4 4 4
0.209768 6 3 5
0.209768 11 6 8
0.209768 12 5 6
0.209768 13 5 3
0.209768 7 6 3
0.209768 2 5 7
0.209768 10 6 7
0.309768 6 7 7
0.309768 11 8 7
0.309768 12 5 4
0.309768 1 4 5
0.309768 5 5 5
0.309768 7 7 8
0.309768 4 8 8
0.309768 14 9 8
0.309768 2 6 6
0.309768 10 7 6
0.309768 3 7 3
0.409768 9 9 7
0.409768 3 6 4
0.409768 10 7 4
0.409768 13 8 4
0.409768 8 6 5
0.409768 2 8 3
0.409768 5 9 3
0.409768 7 8 6
0.509768 7 7 5
0.509768 5 8 5
0.509768 9 9 5
0.509768 4 10 3
0.509768 14 11 3
0.509768 2 10 7
0.509768 3 11 7
0.509768 10 12 7
0.509768 6 10 8
0.509768 1 9 6
0.609768 7 12 3
0.609768 3 10 6
0.609768 1 9 4
0.609768 6 10 4
0.609768 13 13 7
0.609768 8 14 7
0.609768 4 11 8
0.609768 5 12 8
0.609768 11 13 8
0.609768 9 14 8
0.609768 2 10 5
