0.1085 1 1 3 8
0.1085 3 1 6 8
0.1085 4 1 2 7
0.1085 5 1 5 7
0.1085 8 1 4 8
0.1085 9 1 8 3
0.1085 13 3 2 6
0.1085 12 2 4 3
0.1085 10 2 6 8
0.1085 7 2 5 7
0.2085 1 2 8 4
0.2085 2 2 3 7
0.2085 4 2 7 4
0.2085 6 2 2 5
0.2085 13 4 6 3
0.2085 10 5 8 7
0.2085 12 4 3 6
0.2085 7 4 7 3
0.2085 11 1 7 8
0.3085 1 3 4 5
0.3085 2 5 7 6
0.3085 3 3 8 3
0.3085 6 3 5 7
0.3085 7 6 3 8
0.3085 12 5 6 4
0.3085 4 4 4 8
0.3085 5 3 7 5
0.3085 11 6 8 7
0.3085 14 3 6 8
0.3085 10 6 7 6
0.4085 2 6 6 3
0.4085 3 7 3 4
0.4085 5 5 5 3
0.4085 7 7 8 6
0.4085 10 7 6 4
0.4085 9 3 3 7
0.4085 8 4 8 5
0.4085 13 5 3 4
0.5085 1 4 5 6
0.5085 2 8 3 7
0.5085 3 6 4 7
0.5085 4 8 8 3
0.5085 6 7 7 8
0.5085 7 8 6 5
0.5085 5 9 3 5
0.5085 9 9 7 5
0.5085 10 7 4 7
0.5085 14 9 8 3
0.6085 1 9 6 4
0.6085 2 10 7 5
0.6085 4 10 3 8
0.6085 5 8 5 8
0.6085 6 10 8 4
0.6085 13 8 4 7
0.6085 3 11 7 6
0.6085 7 7 5 3
0.6085 11 8 7 8
0.6085 8 6 5 7
0.6085 9 9 5 8
