0.02 0 1 1 0
0.0222143 0 1 1 0
0.03 0 1 1 0
0.0322143 0 1 1 0
0.04 0 1 1 0
0.0422143 0 1 1 0
0.05 0 1 1 0
0.0522143 0 1 1 0
0.06 0 1 1 0
0.0622143 0 1 1 0
0.07 0 1 1 0
0.0722143 0 1 1 0
0.08 0 1 1 0
0.0822143 0 1 1 0
0.09 0 1 1 0
0.0922143 0 1 1 0
0.1 0 1 1 0
0.102214 0 1 1 0
0.11 0 1 1 0
0.112214 0 1 1 0
0.12 0 1 1 0
0.122214 0 1 1 0
0.13 0 1 1 0
0.132214 0 1 1 0
0.14 0 1 1 0
0.142214 0 1 1 0
0.15 0 1 1 0
0.152214 0 1 1 0
0.16 0 1 1 0
0.162214 0 1 1 0
0.17 0 1 1 0
0.172214 0 1 1 0
0.18 0 1 1 0
0.182214 0 1 1 0
0.19 0 1 1 0
0.192214 0 1 1 0
0.2 0 1 1 0
0.202214 0 1 1 0
0.21 0 1 1 0
0.212214 0 1 1 0
0.22 0 1 1 0
0.222214 0 1 1 0
0.23 0 1 1 0
0.232214 0 1 1 0
0.24 0 1 1 0
0.242214 0 1 1 0
0.25 0 1 1 0
0.252214 0 1 1 0
0.26 0 1 1 0
0.262214 0 1 1 0
0.27 0 1 1 0
0.272214 0 1 1 0
0.28 0 1 1 0
0.282214 0 1 1 0
0.29 0 1 1 0
0.292214 0 1 1 0
0.3 0 1 1 0
0.302214 0 1 1 0
0.31 0 1 1 0
0.312214 0 1 1 0
0.32 0 1 1 0
0.322214 0 1 1 0
0.33 0 1 1 0
0.332214 0 1 1 0
0.34 0 1 1 0
0.342214 0 1 1 0
0.35 0 1 1 0
0.352214 0 1 1 0
0.36 0 1 1 0
0.362214 0 1 1 0
0.37 0 1 1 0
0.372214 0 1 1 0
0.38 0 1 1 0
0.382214 0 1 1 0
0.39 0 1 1 0
0.392214 0 1 1 0
0.4 0 1 1 0
0.402214 0 1 1 0
0.41 0 1 1 0
0.412214 0 1 1 0
0.42 0 1 1 0
0.422214 0 1 1 0
0.43 0 1 1 0
0.432214 0 1 1 0
0.44 0 1 1 0
0.442214 0 1 1 0
0.45 0 1 1 0
0.452214 0 1 1 0
0.46 0 1 1 0
0.462214 0 1 1 0
0.47 0 1 1 0
0.472214 0 1 1 0
0.48 0 1 1 0
0.482214 0 1 1 0
0.49 0 1 1 0
0.492214 0 1 1 0
0.5 0 1 1 0
0.502214 0 1 1 0
0.51 0 1 1 0
0.512214 0 1 1 0
0.52 0 1 1 0
0.522214 0 1 1 0
0.53 0 1 1 0
0.532214 0 1 1 0
0.54 0 1 1 0
0.542214 0 1 1 0
0.55 0 1 1 0
0.552214 0 1 1 0
0.56 0 1 1 0
0.562214 0 1 1 0
0.57 0 1 1 0
0.572214 0 1 1 0
0.58 0 1 1 0
0.582214 0 1 1 0
0.59 0 1 1 0
0.592214 0 1 1 0
0.6 0 1 1 0
0.602214 0 1 1 0
0.61 0 1 1 0
0.612214 0 1 1 0
0.62 0 1 1 0
0.622214 0 1 1 0
0.63 0 1 1 0
0.632214 0 1 1 0
0.64 0 1 1 0
0.642214 0 1 1 0
0.65 0 1 1 0
0.652214 0 1 1 0
0.66 0 1 1 0
0.662214 0 1 1 0
0.67 0 1 1 0
0.672214 0 1 1 0
0.68 0 1 1 0
0.682214 0 1 1 0
0.69 0 1 1 0
0.692214 0 1 1 0
