0.0542144 2 3 2 
0.0542145 3 6 1 
0.0542146 4 2 1 
0.0542147 5 5 1 
0.0542148 6 2 2 
0.0542149 7 5 2 
0.054215 9 8 1 
0.0542151 12 4 2 
0.0542151 13 2 3 
0.0542152 14 6 3 
0.0592144 1 3 1 
0.0592145 8 4 1 
0.0592146 10 6 2 
0.0592147 11 7 1 
0.1085 1 8 2 
0.1085 3 4 3 
0.1085 4 5 3 
0.1085 5 4 4 
0.1085 8 3 3 
0.1085 9 7 2 
0.1085 11 3 4 
0.1085 6 4 5 
0.1085 12 6 4 
0.1085 14 5 4 
0.1085 10 4 6 
0.1085 13 5 5 
0.109268 8 3 3 
0.109268 11 3 4 
0.109268 3 4 3 
0.109268 5 4 4 
0.109268 6 4 5 
0.109268 10 4 6 
0.109268 4 5 3 
0.109268 14 5 4 
0.109268 13 5 5 
0.109268 12 6 4 
0.109268 9 7 2 
0.109268 1 8 2 
0.2085 2 6 5 
0.2085 5 5 6 
0.2085 9 6 6 
0.2085 12 8 3 
0.2085 13 3 5 
0.2085 8 4 7 
0.2085 6 6 7 
0.2085 11 4 8 
0.209268 12 8 3 
0.209268 12 8 3 
0.209268 8 4 7 
0.209268 8 4 7 
0.209268 11 4 8 
0.209268 11 4 8 
0.209268 2 6 5 
0.209268 9 6 6 
0.209268 9 6 6 
0.209268 6 6 7 
0.209268 6 6 7 
0.209268 13 3 5 
0.209268 13 3 5 
0.209268 5 5 6 
0.209268 5 5 6 
0.3085 2 5 7 
0.3085 3 6 8 
0.3085 4 4 9 
0.3085 12 3 6 
0.3085 13 6 9 
0.3085 6 3 7 
0.3085 8 7 3 
0.3085 9 7 4 
0.3085 7 7 5 
0.3085 11 8 4 
0.3085 14 8 5 
0.3085 5 4 10 
0.3085 10 7 6 
0.309268 8 7 3 
0.309268 8 7 3 
0.309268 8 7 3 
0.309268 9 7 4 
0.309268 9 7 4 
0.309268 9 7 4 
0.309268 7 7 5 
0.309268 10 7 6 
0.309268 10 7 6 
0.309268 12 3 6 
0.309268 12 3 6 
0.309268 12 3 6 
0.309268 6 3 7 
0.309268 6 3 7 
0.309268 6 3 7 
0.309268 3 6 8 
0.309268 3 6 8 
0.309268 13 6 9 
0.309268 13 6 9 
0.309268 13 6 9 
0.309268 11 8 4 
0.309268 11 8 4 
0.309268 11 8 4 
0.309268 14 8 5 
0.309268 14 8 5 
0.309268 4 4 9 
0.309268 4 4 9 
0.309268 5 4 10 
0.309268 5 4 10 
0.309268 5 4 10 
0.309268 2 5 7 
0.309268 2 5 7 
0.4085 1 7 7 
0.4085 2 3 8 
0.4085 3 8 6 
0.4085 4 5 8 
0.4085 7 8 7 
0.4085 9 6 10 
0.4085 14 4 11 
0.4085 11 7 8 
0.4085 13 8 8 
0.409268 1 7 7 
0.409268 1 7 7 
0.409268 11 7 8 
0.409268 11 7 8 
0.409268 11 7 8 
0.409268 11 7 8 
0.409268 14 4 11 
0.409268 14 4 11 
0.409268 14 4 11 
0.409268 4 5 8 
0.409268 4 5 8 
0.409268 4 5 8 
0.409268 9 6 10 
0.409268 9 6 10 
0.409268 9 6 10 
0.409268 9 6 10 
0.409268 3 8 6 
0.409268 3 8 6 
0.409268 3 8 6 
0.409268 7 8 7 
0.409268 7 8 7 
0.409268 13 8 8 
0.409268 13 8 8 
0.409268 13 8 8 
0.409268 13 8 8 
0.409268 2 3 8 
0.409268 2 3 8 
0.409268 2 3 8 
0.5085 1 3 9 
0.5085 3 7 9 
0.5085 5 5 9 
0.5085 6 6 11 
0.5085 9 5 10 
0.5085 7 3 10 
0.5085 13 5 11 
0.5085 11 3 11 
0.509268 5 5 9 
0.509268 5 5 9 
0.509268 5 5 9 
0.509268 5 5 9 
0.509268 9 5 10 
0.509268 9 5 10 
0.509268 9 5 10 
0.509268 9 5 10 
0.509268 9 5 10 
0.509268 13 5 11 
0.509268 13 5 11 
0.509268 13 5 11 
0.509268 13 5 11 
0.509268 13 5 11 
0.509268 6 6 11 
0.509268 6 6 11 
0.509268 6 6 11 
0.509268 6 6 11 
0.509268 3 7 9 
0.509268 3 7 9 
0.509268 3 7 9 
0.509268 3 7 9 
0.509268 1 3 9 
0.509268 1 3 9 
0.509268 1 3 9 
0.509268 7 3 10 
0.509268 7 3 10 
0.509268 7 3 10 
0.509268 11 3 11 
0.509268 11 3 11 
0.509268 11 3 11 
0.509268 11 3 11 
0.509268 11 3 11 
0.6085 2 4 12 
0.6085 5 7 10 
0.6085 6 5 12 
0.6085 8 6 12 
0.6085 14 5 13 
0.6085 11 5 14 
0.6085 10 4 13 
0.6085 12 6 13 
0.609268 2 4 12 
0.609268 2 4 12 
0.609268 2 4 12 
0.609268 2 4 12 
0.609268 10 4 13 
0.609268 10 4 13 
0.609268 10 4 13 
0.609268 5 7 10 
0.609268 5 7 10 
0.609268 5 7 10 
0.609268 5 7 10 
0.609268 5 7 10 
0.609268 8 6 12 
0.609268 8 6 12 
0.609268 8 6 12 
0.609268 8 6 12 
0.609268 12 6 13 
0.609268 12 6 13 
0.609268 12 6 13 
0.609268 12 6 13 
0.609268 6 5 12 
0.609268 6 5 12 
0.609268 6 5 12 
0.609268 6 5 12 
0.609268 6 5 12 
0.609268 14 5 13 
0.609268 14 5 13 
0.609268 14 5 13 
0.609268 14 5 13 
0.609268 11 5 14 
0.609268 11 5 14 
0.609268 11 5 14 
0.609268 11 5 14 
0.609268 11 5 14 
0.609268 11 5 14 
