timestamp,ueImsiComplete,DRB.PdcpSduDelayDl(cellAverageLatency),m_pDCPBytesUL(0),m_pDCPBytesDL(cellDlTxVolume),DRB.PdcpSduVolumeDl_Filter.UEID(txBytes),Tot.PdcpSduNbrDl.UEID(txDlPackets),DRB.PdcpSduBitRateDl.UEID(pdcpThroughput),DRB.PdcpSduDelayDl.UEID(pdcpLatency),txPdcpPduLteRlc,txPdcpPduBytesLteRlc,QosFlow.PdcpPduVolumeDL_Filter.UEID(txPdcpPduBytesNrRlc),DRB.PdcpPduNbrDl.Qos.UEID(txPdcpPduNrRlc)
1760608076359,00004,0.000000,0,0,0,0,0.000000,0.000000,0,0,0.000000,0
1760608076359,00006,0.000000,0,0,0,0,0.000000,0.000000,0,0,0.000000,0
1760608076359,00013,0.000000,0,0,0,0,0.000000,0.000000,0,0,0.000000,0
1760608076359,00002,0.000000,0,0,0,0,0.000000,0.000000,0,0,0.000000,0
1760608076359,00012,0.000000,0,0,0,0,0.000000,0.000000,0,0,0.000000,0
1760608076359,00009,0.000000,0,0,0,0,0.000000,0.000000,0,0,0.000000,0
1760608076359,00005,0.000000,0,0,0,0,0.000000,0.000000,0,0,0.000000,0
1760608076359,00003,0.000000,0,0,0,0,0.000000,0.000000,0,0,0.000000,0
1760608076359,00007,0.000000,0,0,0,0,0.000000,0.000000,0,0,0.000000,0
1760608076359,00014,0.000000,0,0,0,0,0.000000,0.000000,0,0,0.000000,0
1760608076359,00010,0.000000,0,0,0,0,0.000000,0.000000,0,0,0.000000,0
1760608076359,00011,0.000000,0,0,0,0,0.000000,0.000000,0,0,0.000000,0
1760608076359,00008,0.000000,0,0,0,0,0.000000,0.000000,0,0,0.000000,0
1760608076359,00001,0.000000,0,0,0,0,0.000000,0.000000,0,0,0.000000,0
1760608076459,00004,270.604594,0,26264,1876,179,18760.000000,210.631416,86,901,975.000000,93
1760608076459,00006,270.604594,0,26264,1876,179,18760.000000,293.045251,87,912,964.000000,92
1760608076459,00013,270.604594,0,26264,1876,179,18760.000000,316.191873,95,996,880.000000,84
1760608076459,00002,270.604594,0,26264,1876,179,18760.000000,162.734394,86,901,975.000000,93
1760608076459,00012,270.604594,0,26264,1876,179,18760.000000,247.064462,95,996,880.000000,84
1760608076459,00009,270.604594,0,26264,1876,179,18760.000000,278.151740,91,954,922.000000,88
1760608076459,00005,270.604594,0,26264,1876,179,18760.000000,252.270521,87,912,964.000000,92
1760608076459,00003,270.604594,0,26264,1876,179,18760.000000,296.342499,91,954,922.000000,88
1760608076459,00007,270.604594,0,26264,1876,179,18760.000000,284.260521,90,943,933.000000,89
1760608076459,00014,270.604594,0,26264,1876,179,18760.000000,197.292459,85,891,985.000000,94
1760608076459,00010,270.604594,0,26264,1876,179,18760.000000,266.751405,90,943,933.000000,89
1760608076459,00011,270.604594,0,26264,1876,179,18760.000000,282.438280,95,996,880.000000,84
1760608076459,00008,270.604594,0,26264,1876,179,18760.000000,381.068794,83,870,1006.000000,96
1760608076459,00001,270.604594,0,26264,1876,179,18760.000000,320.220698,85,891,985.000000,94
1760608076559,00004,719.335776,0,29344,2096,200,20960.000000,675.386774,82,859,1237.000000,118
1760608076559,00006,719.335776,0,29344,2096,200,20960.000000,738.534140,110,1153,943.000000,90
1760608076559,00013,719.335776,0,29344,2096,200,20960.000000,934.128601,112,1174,922.000000,88
1760608076559,00002,719.335776,0,29344,2096,200,20960.000000,566.447241,96,1006,1090.000000,104
1760608076559,00012,719.335776,0,29344,2096,200,20960.000000,753.496791,96,1006,1090.000000,104
1760608076559,00009,719.335776,0,29344,2096,200,20960.000000,693.333113,100,1048,1048.000000,100
1760608076559,00005,719.335776,0,29344,2096,200,20960.000000,445.647220,99,1038,1058.000000,101
1760608076559,00003,719.335776,0,29344,2096,200,20960.000000,758.532597,114,1195,901.000000,86
1760608076559,00007,719.335776,0,29344,2096,200,20960.000000,743.988131,101,1058,1038.000000,99
1760608076559,00014,719.335776,0,29344,2096,200,20960.000000,806.843607,114,1195,901.000000,86
1760608076559,00010,719.335776,0,29344,2096,200,20960.000000,724.290940,100,1048,1048.000000,100
1760608076559,00011,719.335776,0,29344,2096,200,20960.000000,747.880140,101,1058,1038.000000,99
1760608076559,00008,719.335776,0,29344,2096,200,20960.000000,750.103427,93,975,1121.000000,107
1760608076559,00001,719.335776,0,29344,2096,200,20960.000000,732.088140,95,996,1100.000000,105
1760608076659,00004,1214.255743,0,29344,2096,200,20960.000000,1173.555740,98,1027,1069.000000,102
1760608076659,00006,1214.255743,0,29344,2096,200,20960.000000,1399.012060,94,985,1111.000000,106
1760608076659,00013,1214.255743,0,29344,2096,200,20960.000000,1319.258540,99,1038,1058.000000,101
1760608076659,00002,1214.255743,0,29344,2096,200,20960.000000,1191.577340,83,870,1226.000000,117
1760608076659,00012,1214.255743,0,29344,2096,200,20960.000000,1483.930139,108,1132,964.000000,92
1760608076659,00009,1214.255743,0,29344,2096,200,20960.000000,1221.217529,98,1027,1069.000000,102
1760608076659,00005,1214.255743,0,29344,2096,200,20960.000000,982.397991,101,1058,1038.000000,99
1760608076659,00003,1214.255743,0,29344,2096,200,20960.000000,1212.166540,113,1184,912.000000,87
1760608076659,00007,1214.255743,0,29344,2096,200,20960.000000,1191.323340,108,1132,964.000000,92
1760608076659,00014,1214.255743,0,29344,2096,200,20960.000000,1153.869427,99,1038,1058.000000,101
1760608076659,00010,1214.255743,0,29344,2096,200,20960.000000,1217.890940,94,985,1111.000000,106
1760608076659,00011,1214.255743,0,29344,2096,200,20960.000000,1280.880140,103,1079,1017.000000,97
1760608076659,00008,1214.255743,0,29344,2096,200,20960.000000,1086.612540,99,1038,1058.000000,101
1760608076659,00001,1214.255743,0,29344,2096,200,20960.000000,1085.888140,105,1100,996.000000,95
1760608076759,00004,1741.208447,0,29344,2096,200,20960.000000,1558.155740,105,1100,996.000000,95
1760608076759,00006,1741.208447,0,29344,2096,200,20960.000000,1979.907172,95,996,1100.000000,105
1760608076759,00013,1741.208447,0,29344,2096,200,20960.000000,1860.058540,102,1069,1027.000000,98
1760608076759,00002,1741.208447,0,29344,2096,200,20960.000000,1949.689795,101,1058,1038.000000,99
1760608076759,00012,1741.208447,0,29344,2096,200,20960.000000,1808.303764,93,975,1121.000000,107
1760608076759,00009,1741.208447,0,29344,2096,200,20960.000000,1708.301740,107,1121,975.000000,93
1760608076759,00005,1741.208447,0,29344,2096,200,20960.000000,1664.600112,114,1195,901.000000,86
1760608076759,00003,1741.208447,0,29344,2096,200,20960.000000,1803.156195,106,1111,985.000000,94
1760608076759,00007,1741.208447,0,29344,2096,200,20960.000000,1650.423340,96,1006,1090.000000,104
1760608076759,00014,1741.208447,0,29344,2096,200,20960.000000,1679.747740,103,1079,1017.000000,97
1760608076759,00010,1741.208447,0,29344,2096,200,20960.000000,1735.593299,104,1090,1006.000000,96
1760608076759,00011,1741.208447,0,29344,2096,200,20960.000000,1812.480140,102,1069,1027.000000,98
1760608076759,00008,1741.208447,0,29344,2096,200,20960.000000,1562.212540,105,1100,996.000000,95
1760608076759,00001,1741.208447,0,29344,2096,200,20960.000000,1604.288140,94,985,1111.000000,106
1760608076859,00004,2214.968855,0,29344,2096,200,20960.000000,2028.975348,108,1132,964.000000,92
1760608076859,00006,2214.968855,0,29344,2096,200,20960.000000,2235.424336,109,1142,954.000000,91
1760608076859,00013,2214.968855,0,29344,2096,200,20960.000000,2367.995795,110,1153,943.000000,90
1760608076859,00002,2214.968855,0,29344,2096,200,20960.000000,2297.834841,90,943,1153.000000,110
1760608076859,00012,2214.968855,0,29344,2096,200,20960.000000,2221.971659,107,1121,975.000000,93
1760608076859,00009,2214.968855,0,29344,2096,200,20960.000000,2259.999779,108,1132,964.000000,92
1760608076859,00005,2214.968855,0,29344,2096,200,20960.000000,1088.653073,108,1132,964.000000,92
1760608076859,00003,2214.968855,0,29344,2096,200,20960.000000,2368.766540,111,1163,933.000000,89
1760608076859,00007,2214.968855,0,29344,2096,200,20960.000000,2186.906099,106,1111,985.000000,94
1760608076859,00014,2214.968855,0,29344,2096,200,20960.000000,2252.606361,106,1111,985.000000,94
1760608076859,00010,2214.968855,0,29344,2096,200,20960.000000,2129.106626,104,1090,1006.000000,96
1760608076859,00011,2214.968855,0,29344,2096,200,20960.000000,2223.311513,105,1100,996.000000,95
1760608076859,00008,2214.968855,0,29344,2096,200,20960.000000,2046.579207,102,1069,1027.000000,98
1760608076859,00001,2214.968855,0,29344,2096,200,20960.000000,3301.432789,105,1100,996.000000,95
