% start	end	CellId	IMSI	RNTI	LCID	nTxPDUs	TxBytes	nRxPDUs	RxBytes	delay	stdDev	min	max	PduSize	stdDev	min	max
0.1	0.2	1	1	14	3	178	233180	43	56330	0.0320221	0.0124446	0.0109988	0.0539988	1310	0	1310	1310	
0.1	0.2	1	2	4	3	178	233180	97	127070	0.0162734	0.0132687	0.00124048	0.0459977	1310	0	1310	1310	
0.1	0.2	1	3	8	3	178	233180	49	64190	0.0296342	0.0117767	0.00699665	0.0454967	1310	0	1310	1310	
0.1	0.2	1	4	1	3	178	233180	37	48470	0.0210631	0.00923397	0.00349557	0.0374956	1310	0	1310	1310	
0.1	0.2	1	5	7	3	178	233180	43	56330	0.0252271	0.012357	0.00499449	0.0459945	1310	0	1310	1310	
0.1	0.2	1	6	2	3	178	233180	45	58950	0.0293045	0.0131349	0.00349341	0.0519934	1310	0	1310	1310	
0.1	0.2	1	7	9	3	178	233180	77	100870	0.0284261	0.0119539	0.00446723	0.0472172	1310	0	1310	1310	
0.1	0.2	1	8	13	3	178	233180	55	72050	0.0381069	0.0213	0.00799125	0.0774661	1310	0	1310	1310	
0.1	0.2	1	9	6	3	178	233180	40	52400	0.0278152	0.0134606	0.00399017	0.0489902	1310	0	1310	1310	
0.1	0.2	1	10	11	3	178	233180	43	56330	0.0266751	0.0125594	0.00598909	0.0484891	1310	0	1310	1310	
0.1	0.2	1	11	12	3	178	233180	43	56330	0.0282438	0.0109829	0.00948801	0.047488	1310	0	1310	1310	
0.1	0.2	1	12	5	3	178	233180	41	53710	0.0247064	0.013315	0.00498693	0.0469869	1310	0	1310	1310	
0.1	0.2	1	13	3	3	178	233180	45	58950	0.0316192	0.0143845	0.00398585	0.0544859	1310	0	1310	1310	
0.1	0.2	1	14	10	3	178	233180	98	128380	0.0197292	0.0130281	0.00370967	0.0454848	1310	0	1310	1310	
0.2	0.3	1	1	14	3	199	260690	50	65500	0.0732088	0.0120438	0.0514988	0.0914988	1310	0	1310	1310	
0.2	0.3	1	2	4	3	199	260690	84	110040	0.0566447	0.0243402	0.0149726	0.0974977	1310	0	1310	1310	
0.2	0.3	1	3	8	3	199	260690	54	70740	0.0758533	0.0174005	0.0474967	0.132222	1310	0	1310	1310	
0.2	0.3	1	4	1	3	199	260690	58	75980	0.0675387	0.0186708	0.0359956	0.0964956	1310	0	1310	1310	
0.2	0.3	1	5	7	3	199	260690	238	311780	0.0447464	0.0304325	0.000987242	0.0979694	1310	0	1310	1310	
0.2	0.3	1	6	2	3	199	260690	50	65500	0.0738534	0.012926	0.0504934	0.0959934	1310	0	1310	1310	
0.2	0.3	1	7	9	3	199	260690	61	79910	0.0743988	0.0217525	0.0419923	0.136503	1310	0	1310	1310	
0.2	0.3	1	8	13	3	199	260690	189	247590	0.0751172	0.0118938	0.0454913	0.0945733	1310	0	1310	1310	
0.2	0.3	1	9	6	3	199	260690	51	66810	0.0693333	0.0140012	0.0489902	0.0939902	1310	0	1310	1310	
0.2	0.3	1	10	11	3	199	260690	50	65500	0.0724291	0.0157297	0.0464891	0.0979891	1310	0	1310	1310	
0.2	0.3	1	11	12	3	199	260690	50	65500	0.074788	0.0159933	0.048988	0.100488	1310	0	1310	1310	
0.2	0.3	1	12	5	3	199	260690	51	66810	0.0753497	0.0153464	0.0494869	0.0999869	1310	0	1310	1310	
0.2	0.3	1	13	3	3	199	260690	114	149340	0.0934129	0.0154108	0.0559859	0.117782	1310	0	1310	1310	
0.2	0.3	1	14	10	3	199	260690	76	99560	0.0806844	0.0273766	0.0394848	0.130495	1310	0	1310	1310	
0.3	0.4	1	1	14	3	199	260690	50	65500	0.108589	0.0137101	0.0874988	0.132499	1310	0	1310	1310	
0.3	0.4	1	2	4	3	199	260690	50	65500	0.119158	0.011295	0.100498	0.141998	1310	0	1310	1310	
0.3	0.4	1	3	8	3	199	260690	50	65500	0.121217	0.0156561	0.0954967	0.147997	1310	0	1310	1310	
0.3	0.4	1	4	1	3	199	260690	50	65500	0.117356	0.0110929	0.0974956	0.137996	1310	0	1310	1310	
0.3	0.4	1	5	7	3	199	260690	58	75980	0.0982398	0.0412949	0.00118367	0.139494	1310	0	1310	1310	
0.3	0.4	1	6	2	3	199	260690	59	77290	0.139901	0.0454138	0.0974934	0.254468	1310	0	1310	1310	
0.3	0.4	1	7	9	3	199	260690	50	65500	0.119132	0.0127295	0.0959923	0.139992	1310	0	1310	1310	
0.3	0.4	1	8	13	3	199	260690	50	65500	0.108661	0.0132652	0.0849913	0.130491	1310	0	1310	1310	
0.3	0.4	1	9	6	3	199	260690	57	74670	0.122122	0.0151043	0.0954902	0.14949	1310	0	1310	1310	
0.3	0.4	1	10	11	3	199	260690	50	65500	0.121789	0.012913	0.0994891	0.144989	1310	0	1310	1310	
0.3	0.4	1	11	12	3	199	260690	50	65500	0.128088	0.0142467	0.104488	0.151488	1310	0	1310	1310	
0.3	0.4	1	12	5	3	199	260690	192	251520	0.148393	0.0231059	0.0964869	0.197569	1310	0	1310	1310	
0.3	0.4	1	13	3	3	199	260690	50	65500	0.131926	0.0150179	0.105986	0.155486	1310	0	1310	1310	
0.3	0.4	1	14	10	3	199	260690	51	66810	0.115387	0.014408	0.0919848	0.140985	1310	0	1310	1310	
0.4	0.5	1	1	14	3	199	260690	50	65500	0.160429	0.0151469	0.134499	0.185499	1310	0	1310	1310	
0.4	0.5	1	2	4	3	199	260690	77	100870	0.194969	0.0449325	0.139498	0.270473	1310	0	1310	1310	
0.4	0.5	1	3	8	3	199	260690	58	75980	0.180316	0.018723	0.147997	0.210497	1310	0	1310	1310	
0.4	0.5	1	4	1	3	199	260690	50	65500	0.155816	0.0125835	0.137496	0.178996	1310	0	1310	1310	
0.4	0.5	1	5	7	3	199	260690	58	75980	0.16646	0.0157833	0.138494	0.191994	1310	0	1310	1310	
0.4	0.5	1	6	2	3	199	260690	60	78600	0.197991	0.0583669	0.147493	0.366004	1310	0	1310	1310	
0.4	0.5	1	7	9	3	199	260690	50	65500	0.165042	0.0150663	0.139492	0.189992	1310	0	1310	1310	
0.4	0.5	1	8	13	3	199	260690	50	65500	0.156221	0.0138738	0.133491	0.179991	1310	0	1310	1310	
0.4	0.5	1	9	6	3	199	260690	50	65500	0.17083	0.0149743	0.14649	0.19649	1310	0	1310	1310	
0.4	0.5	1	10	11	3	199	260690	51	66810	0.173559	0.030341	0.147989	0.364571	1310	0	1310	1310	
0.4	0.5	1	11	12	3	199	260690	50	65500	0.181248	0.0146689	0.156488	0.206988	1310	0	1310	1310	
0.4	0.5	1	12	5	3	199	260690	85	111350	0.18083	0.0141134	0.148987	0.203962	1310	0	1310	1310	
0.4	0.5	1	13	3	3	199	260690	50	65500	0.186006	0.0155288	0.160486	0.209986	1310	0	1310	1310	
0.4	0.5	1	14	10	3	199	260690	50	65500	0.167975	0.0163677	0.141485	0.195485	1310	0	1310	1310	
0.5	0.6	1	1	14	3	199	260690	204	267240	0.330046	0.0715386	0.184999	0.397974	1310	0	1310	1310	
0.5	0.6	1	2	4	3	199	260690	63	82530	0.229783	0.0528148	0.183998	0.36083	1310	0	1310	1310	
0.5	0.6	1	3	8	3	199	260690	50	65500	0.236877	0.0150701	0.211997	0.260997	1310	0	1310	1310	
0.5	0.6	1	4	1	3	199	260690	51	66810	0.202898	0.0143972	0.178996	0.225996	1310	0	1310	1310	
0.5	0.6	1	5	7	3	199	260690	322	421820	0.108865	0.0770075	0.000987242	0.240494	1310	0	1310	1310	
0.5	0.6	1	6	2	3	199	260690	51	66810	0.223542	0.0128145	0.202493	0.245493	1310	0	1310	1310	
0.5	0.6	1	7	9	3	199	260690	58	75980	0.218691	0.017937	0.190492	0.249492	1310	0	1310	1310	
0.5	0.6	1	8	13	3	199	260690	51	66810	0.204658	0.0133254	0.183491	0.228991	1310	0	1310	1310	
0.5	0.6	1	9	6	3	199	260690	51	66810	0.226	0.0142911	0.20199	0.24849	1310	0	1310	1310	
0.5	0.6	1	10	11	3	199	260690	51	66810	0.212911	0.0128543	0.191989	0.234989	1310	0	1310	1310	
0.5	0.6	1	11	12	3	199	260690	51	66810	0.222331	0.0129594	0.200488	0.244488	1310	0	1310	1310	
0.5	0.6	1	12	5	3	199	260690	149	195190	0.222197	0.0120008	0.197987	0.245987	1310	0	1310	1310	
0.5	0.6	1	13	3	3	199	260690	51	66810	0.2368	0.0144322	0.213486	0.260986	1310	0	1310	1310	
0.5	0.6	1	14	10	3	199	260690	58	75980	0.225261	0.0155699	0.200485	0.252485	1310	0	1310	1310	
0.6	0.7	1	1	14	3	21	27510	400	524000	0.209744	0.0826441	0.0545808	0.349581	1310	0	1310	1310	
0.6	0.7	1	2	4	3	21	27510	53	69430	0.251768	0.0317884	0.223998	0.370437	1310	0	1310	1310	
0.6	0.7	1	3	8	3	21	27510	50	65500	0.289677	0.0152873	0.263997	0.315997	1310	0	1310	1310	
0.6	0.7	1	4	1	3	21	27510	50	65500	0.246686	0.0125746	0.226496	0.267996	1310	0	1310	1310	
0.6	0.7	1	5	7	3	21	27510	58	75980	0.229485	0.0929362	0.000987242	0.286994	1310	0	1310	1310	
0.6	0.7	1	6	2	3	21	27510	50	65500	0.269963	0.0140884	0.244993	0.291493	1310	0	1310	1310	
0.6	0.7	1	7	9	3	21	27510	50	65500	0.277732	0.0148394	0.252992	0.302492	1310	0	1310	1310	
0.6	0.7	1	8	13	3	21	27510	50	65500	0.251261	0.0146967	0.225491	0.275491	1310	0	1310	1310	
0.6	0.7	1	9	6	3	21	27510	50	65500	0.26894	0.0122999	0.24849	0.29149	1310	0	1310	1310	
0.6	0.7	1	10	11	3	21	27510	57	74670	0.260831	0.0161953	0.235489	0.288489	1310	0	1310	1310	
0.6	0.7	1	11	12	3	21	27510	57	74670	0.273892	0.0180521	0.243988	0.303488	1310	0	1310	1310	
0.6	0.7	1	12	5	3	21	27510	81	106110	0.243692	0.0376988	0.187248	0.298987	1310	0	1310	1310	
0.6	0.7	1	13	3	3	21	27510	50	65500	0.281996	0.0121921	0.263486	0.304486	1310	0	1310	1310	
0.6	0.7	1	14	10	3	21	27510	208	272480	0.360537	0.053885	0.254485	0.445817	1310	0	1310	1310	
