0.108 1 1 3 8
0.108 3 1 6 4
0.108 4 1 2 5
0.108 5 1 5 4
0.108 8 1 4 3
0.108 9 1 8 7
0.108 11 1 7 3
0.108 6 2 2 4
0.108 12 2 4 6
0.108 14 3 6 5
0.108 10 2 6 4
0.108 13 3 2 5
0.208 2 2 3 6
0.208 5 4 4 5
0.208 9 2 7 6
0.208 12 4 6 8
0.208 13 5 5 3
0.208 8 3 3 4
0.208 6 5 4 6
0.208 11 4 3 4
0.308 2 5 6 5
0.308 3 3 4 6
0.308 4 3 5 4
0.308 12 3 8 3
0.308 13 5 3 6
0.308 6 7 6 3
0.308 8 7 4 7
0.308 9 6 6 7
0.308 7 2 5 7
0.308 11 8 4 8
0.308 14 4 5 8
0.308 5 6 5 4
0.308 10 6 4 7
0.408 1 2 8 7
0.408 2 7 5 3
0.408 3 8 6 8
0.408 4 9 4 5
0.408 7 5 7 8
0.408 9 4 7 6
0.408 14 5 8 4
0.408 11 4 8 7
0.408 13 9 6 8
0.508 1 7 7 3
0.508 3 6 8 7
0.508 5 10 4 5
0.508 6 7 3 6
0.508 9 10 6 5
0.508 7 7 8 3
0.508 13 8 8 5
0.508 11 8 7 3
0.608 2 8 3 4
0.608 5 9 5 7
0.608 6 11 6 5
0.608 8 3 7 6
0.608 14 11 4 5
0.608 11 11 3 5
0.608 10 6 7 4
0.608 12 6 3 6
