0.109768 8 3 3
0.109768 11 4 3
0.109768 3 3 4
0.109768 5 4 4
0.109768 6 5 4
0.109768 10 6 4
0.109768 4 3 5
0.109768 14 4 5
0.109768 13 5 5
0.109768 12 4 6
0.109768 9 2 7
0.109768 1 2 8
0.209768 12 3 8
0.209768 8 7 4
0.209768 11 8 4
0.209768 2 5 6
0.209768 9 6 6
0.209768 6 7 6
0.209768 13 5 3
0.209768 5 6 5
0.309768 8 3 7
0.309768 9 4 7
0.309768 7 5 7
0.309768 10 6 7
0.309768 12 6 3
0.309768 6 7 3
0.309768 3 8 6
0.309768 13 9 6
0.309768 11 4 8
0.309768 14 5 8
0.309768 4 9 4
0.309768 5 10 4
0.309768 2 7 5
0.409768 1 7 7
0.409768 11 8 7
0.409768 14 11 4
0.409768 4 8 5
0.409768 9 10 6
0.409768 3 6 8
0.409768 7 7 8
0.409768 13 8 8
0.409768 2 8 3
0.509768 5 9 5
0.509768 9 10 5
0.509768 13 11 5
0.509768 6 11 6
0.509768 3 9 7
0.509768 1 9 3
0.509768 7 10 3
0.509768 11 11 3
0.609768 2 12 4
0.609768 10 13 4
0.609768 5 10 7
0.609768 8 12 6
0.609768 12 13 6
0.609768 6 12 5
0.609768 14 13 5
0.609768 11 14 5
