0.109268 8 3 3
0.109268 11 4 3
0.109268 3 3 4
0.109268 5 4 4
0.109268 6 5 4
0.109268 10 6 4
0.109268 4 3 5
0.109268 14 4 5
0.109268 13 5 5
0.109268 12 4 6
0.109268 9 2 7
0.109268 1 2 8
0.209268 12 3 8
0.209268 8 7 4
0.209268 11 8 4
0.209268 2 5 6
0.209268 9 6 6
0.209268 6 7 6
0.209268 13 5 3
0.209268 5 6 5
0.309268 8 3 7
0.309268 9 4 7
0.309268 7 5 7
0.309268 10 6 7
0.309268 12 6 3
0.309268 6 7 3
0.309268 3 8 6
0.309268 13 9 6
0.309268 11 4 8
0.309268 14 5 8
0.309268 4 9 4
0.309268 5 10 4
0.309268 2 7 5
0.409268 1 7 7
0.409268 11 8 7
0.409268 14 11 4
0.409268 4 8 5
0.409268 9 10 6
0.409268 3 6 8
0.409268 7 7 8
0.409268 13 8 8
0.409268 2 8 3
0.509268 5 9 5
0.509268 9 10 5
0.509268 13 11 5
0.509268 6 11 6
0.509268 3 9 7
0.509268 1 9 3
0.509268 7 10 3
0.509268 11 11 3
0.609268 2 12 4
0.609268 10 13 4
0.609268 5 10 7
0.609268 8 12 6
0.609268 12 13 6
0.609268 6 12 5
0.609268 14 13 5
0.609268 11 14 5
