0.1085 1 1 3 8
0.1085 3 1 6 4
0.1085 4 1 2 5
0.1085 5 1 5 4
0.1085 8 1 4 3
0.1085 9 1 8 7
0.1085 11 1 7 3
0.1085 6 2 2 4
0.1085 12 2 4 6
0.1085 14 3 6 5
0.1085 10 2 6 4
0.1085 13 3 2 5
0.2085 2 2 3 6
0.2085 5 4 4 5
0.2085 9 2 7 6
0.2085 12 4 6 8
0.2085 13 5 5 3
0.2085 8 3 3 4
0.2085 6 5 4 6
0.2085 11 4 3 4
0.3085 2 5 6 5
0.3085 3 3 4 6
0.3085 4 3 5 4
0.3085 12 3 8 3
0.3085 13 5 3 6
0.3085 6 7 6 3
0.3085 8 7 4 7
0.3085 9 6 6 7
0.3085 7 2 5 7
0.3085 11 8 4 8
0.3085 14 4 5 8
0.3085 5 6 5 4
0.3085 10 6 4 7
0.4085 1 2 8 7
0.4085 2 7 5 3
0.4085 3 8 6 8
0.4085 4 9 4 5
0.4085 7 5 7 8
0.4085 9 4 7 6
0.4085 14 5 8 4
0.4085 11 4 8 7
0.4085 13 9 6 8
0.5085 1 7 7 3
0.5085 3 6 8 7
0.5085 5 10 4 5
0.5085 6 7 3 6
0.5085 9 10 6 5
0.5085 7 7 8 3
0.5085 13 8 8 5
0.5085 11 8 7 3
0.6085 2 8 3 4
0.6085 5 9 5 7
0.6085 6 11 6 5
0.6085 8 3 7 6
0.6085 14 11 4 5
0.6085 11 11 3 5
0.6085 10 6 7 4
0.6085 12 6 3 6
