0.109268 14 3 4
0.109268 6 3 5
0.109268 9 4 5
0.109268 2 5 5
0.109268 13 6 5
0.109268 5 4 6
0.109268 8 5 6
0.109268 11 6 6
0.109268 1 2 8
0.109268 3 3 8
0.109268 12 4 8
0.109268 10 5 8
0.209268 5 2 7
0.209268 4 4 4
0.209268 10 5 4
0.209268 11 6 4
0.209268 8 7 5
0.209268 1 7 6
0.209268 14 8 6
0.209268 13 6 8
0.309268 7 3 3
0.309268 13 4 3
0.309268 8 5 3
0.309268 9 6 3
0.309268 3 7 4
0.309268 14 8 4
0.309268 10 3 7
0.309268 5 8 5
0.309268 11 9 5
0.309268 1 7 8
0.309268 2 9 6
0.309268 12 10 6
0.409268 1 11 6
0.409268 9 12 6
0.409268 7 8 8
0.409268 10 9 8
0.409268 12 10 8
0.409268 3 4 7
0.409268 4 5 7
0.409268 2 10 5
0.409268 8 11 5
0.409268 14 12 5
0.409268 6 9 4
0.409268 13 10 4
0.509268 14 7 3
0.509268 3 11 4
0.509268 2 13 6
0.509268 6 14 6
0.509268 7 13 5
0.509268 4 14 5
0.509268 10 15 5
0.509268 1 11 8
0.509268 8 12 8
0.509268 12 6 7
0.609268 13 13 8
0.609268 14 14 8
0.609268 10 15 8
0.609268 11 15 6
0.609268 7 7 7
0.609268 1 8 3
0.609268 9 9 3
0.609268 8 10 3
0.609268 5 12 4
0.609268 6 13 4
0.609268 12 16 5
