% start	end	CellId	IMSI	RNTI	LCID	nTxPDUs	TxBytes	nRxPDUs	RxBytes	delay	stdDev	min	max	PduSize	stdDev	min	max
0.1	0.2	8	1	2	3	12	57107	6	56532	0.003	0	0.003	0.003	9422	0	9422	9422	
0.1	0.2	5	2	5	3	38	61203	39	51869	0.00128333	0.000791625	0.000671427	0.003	1329.97	3170.43	9	9422	
0.1	0.2	1	3	8	3	15	57101	6	56532	0.003	0	0.003	0.003	9422	0	9422	9422	
0.1	0.2	2	4	1	3	217	180576	216	169509	0.000902478	0.000437187	0	0.003	784.764	1405.7	49	9422	
0.1	0.2	6	5	4	3	16	57527	6	56532	0.003	0	0.003	0.003	9422	0	9422	9422	
0.1	0.2	5	6	3	3	17	59416	7	59158	0.003	0	0.003	0.003	8451.14	2568.65	2626	9422	
0.1	0.2	5	7	2	3	187	169480	187	169383	0.0010317	0.000557763	0	0.003	905.791	1593.08	24	9422	
0.1	0.2	1	8	13	3	11	57057	6	56532	0.003	0	0.003	0.003	9422	0	9422	9422	
0.1	0.2	5	9	4	3	19	54143	20	54147	0.00149161	0.00116179	0	0.003	2707.35	4232.26	13	9422	
0.1	0.2	1	10	11	3	15	57477	6	56532	0.003	0	0.003	0.003	9422	0	9422	9422	
0.1	0.2	1	11	12	3	13	57212	6	56532	0.003	0	0.003	0.003	9422	0	9422	9422	
0.1	0.2	1	12	5	3	13	55332	11	55232	0.00218669	0.000990561	0.00083214	0.003	5021.09	4780.44	50	9422	
0.1	0.2	1	13	6	3	16	59541	7	59158	0.003	0	0.003	0.003	8451.14	2568.65	2626	9422	
0.1	0.2	1	14	10	3	15	57477	6	56532	0.003	0	0.003	0.003	9422	0	9422	9422	
0.2	0.3	1	1	7	3	31	123652	13	122486	0.003	0	0.003	0.003	9422	0	9422	9422	
0.2	0.3	1	2	4	3	60	128502	60	128287	0.00157708	0.000983367	0	0.00383214	2138.12	3877.25	9	9422	
0.2	0.3	1	3	8	3	32	123588	13	122486	0.003	0	0.003	0.003	9422	0	9422	9422	
0.2	0.3	1	4	1	3	253	256588	243	256062	0.000989768	0.000581895	0	0.003	1053.75	2039.45	49	9422	
0.2	0.3	7	5	2	3	35	124741	13	122486	0.003	0	0.003	0.003	9422	0	9422	9422	
0.2	0.3	1	6	2	3	29	125849	14	125112	0.003	0	0.003	0.003	8936.57	1816.31	2626	9422	
0.2	0.3	1	7	9	3	202	237582	206	237172	0.00108389	0.000664814	0	0.003	1151.32	2180.07	14	9422	
0.2	0.3	5	8	7	3	30	124271	23	123536	0.00297779	0.000735446	0	0.00383214	5371.13	4722.51	105	9422	
0.2	0.3	1	9	6	3	36	130464	27	120101	0.00188267	0.00120005	0	0.003	4448.19	4699.06	13	9422	
0.2	0.3	4	10	5	3	33	123960	13	122486	0.003	0	0.003	0.003	9422	0	9422	9422	
0.2	0.3	1	11	6	3	34	123955	14	122591	0.00298801	4.48622e-05	0.00283214	0.003	8756.5	2490.07	105	9422	
0.2	0.3	1	12	5	3	75	133229	76	123809	0.00122669	0.000892881	0	0.003	1629.07	3513.22	13	9422	
0.2	0.3	8	13	6	3	362	242323	353	241355	0.000941995	0.000461044	0.000671427	0.003	683.725	1718.43	40	9422	
0.2	0.3	6	14	8	3	321	313264	316	314261	0.00104906	0.000589669	0	0.003	994.497	1770.07	50	9422	
0.3	0.4	8	1	7	3	50	190701	20	188440	0.003	0	0.003	0.003	9422	0	9422	9422	
0.3	0.4	1	2	9	3	79	195274	67	194241	0.00172574	0.00102799	0	0.00383214	2899.12	4298.58	9	9422	
0.3	0.4	4	3	7	3	146	228084	128	216891	0.0012822	0.000858728	0	0.00308214	1694.46	3339.93	22	9422	
0.3	0.4	1	4	1	3	269	323322	250	322016	0.00104605	0.000662952	0	0.003	1288.06	2440.48	49	9422	
0.3	0.4	5	5	8	3	244	578579	221	566760	0.00102946	0.000649171	0.000635713	0.003	2564.52	2280.81	36	9422	
0.3	0.4	1	6	2	3	45	192290	21	191066	0.003	0	0.003	0.003	9098.38	1483.01	2626	9422	
0.3	0.4	3	7	3	3	221	303800	213	303126	0.00114686	0.000737989	0	0.003	1423.13	2603.88	14	9422	
0.3	0.4	3	8	5	3	254	209439	257	209120	0.00114518	0.000753813	0	0.00383214	813.696	2505.88	18	9422	
0.3	0.4	1	9	6	3	339	249224	348	250273	0.000976127	0.000603365	0	0.00383214	719.175	2180.69	13	9422	
0.3	0.4	1	10	11	3	54	191764	31	189975	0.00271428	0.000873388	0	0.00383214	6128.23	4514.91	97	9422	
0.3	0.4	5	11	9	3	53	190766	25	188901	0.00303143	0.000278331	0.00231428	0.00383214	7556.04	3808.89	50	9422	
0.3	0.4	1	12	5	3	92	199791	84	199185	0.00139558	0.000997309	0	0.003	2371.25	4055.74	13	9422	
0.3	0.4	3	13	4	3	603	333105	612	333299	0.000918222	0.000462485	0	0.003	544.606	1643.06	8	9422	
0.3	0.4	4	14	8	3	372	418108	358	419833	0.00107428	0.000624669	0	0.003	1172.72	2033.29	50	9422	
0.4	0.5	6	1	14	3	69	257530	27	254394	0.003	0	0.003	0.003	9422	0	9422	9422	
0.4	0.5	5	2	10	3	96	261574	82	260430	0.00173606	0.00106999	0	0.00383214	3175.98	4412.35	9	9422	
0.4	0.5	1	3	8	3	185	299647	164	299055	0.00131701	0.000881026	0	0.00308214	1823.51	3459.6	22	9422	
0.4	0.5	7	4	5	3	316	394265	294	392516	0.0010956	0.000696112	0	0.003	1335.09	2609.99	13	9422	
0.4	0.5	1	5	8	3	395	757787	381	761103	0.000978803	0.000604019	0.000635713	0.003	1997.65	2244.62	36	9422	
0.4	0.5	4	6	9	3	252	341268	227	339845	0.00117053	0.000778436	0	0.003	1497.11	2925.62	22	9422	
0.4	0.5	1	7	9	3	241	379774	220	369080	0.00120583	0.000795923	0	0.003	1677.64	2922.92	14	9422	
0.4	0.5	5	8	13	3	277	275883	283	275960	0.00118697	0.000790234	0	0.00383214	975.124	2748.36	18	9422	
0.4	0.5	1	9	12	3	356	315843	355	316227	0.00101603	0.000660491	0	0.00383214	890.78	2475.79	13	9422	
0.4	0.5	8	10	9	3	76	258630	45	256345	0.00264587	0.00086129	0	0.00383214	5696.56	4614.47	31	9422	
0.4	0.5	1	11	12	3	67	257078	36	255017	0.00278631	0.000780324	0	0.00383214	7083.81	4107.35	31	9422	
0.4	0.5	8	12	10	3	218	293720	210	293107	0.00119906	0.000799214	0	0.003	1395.75	3138.11	13	9422	
0.4	0.5	1	13	3	3	709	448876	719	445853	0.000937912	0.000507341	0	0.00383214	620.102	1771.24	8	9422	
0.4	0.5	1	14	12	3	592	558386	581	551292	0.00102448	0.000570736	0	0.003	948.867	1899.72	9	9422	
0.5	0.6	8	1	11	3	86	324092	34	320348	0.003	0	0.003	0.003	9422	0	9422	9422	
0.5	0.6	6	2	13	3	115	328403	89	326384	0.00183547	0.00108208	0	0.00383214	3667.24	4558.44	9	9422	
0.5	0.6	4	3	11	3	216	369138	192	368231	0.00140206	0.00090821	0	0.00308214	1917.87	3553.72	22	9422	
0.5	0.6	1	4	14	3	355	463559	330	461973	0.0011307	0.000722777	0	0.003	1399.92	2753.89	13	9422	
0.5	0.6	5	5	8	3	589	946357	575	949673	0.000941457	0.000554636	0.000635713	0.003	1651.61	2120.83	36	9422	
0.5	0.6	6	6	2	3	269	407887	234	405799	0.00122526	0.00082783	0	0.003	1734.18	3183.15	22	9422	
0.5	0.6	1	7	13	3	556	497536	553	498742	0.00102316	0.000611301	0	0.003	901.884	2236.67	13	9422	
0.5	0.6	8	8	12	3	296	342655	299	342582	0.00127118	0.000854868	0	0.00383214	1145.76	2969.73	18	9422	
0.5	0.6	1	9	6	3	372	382742	362	382181	0.0010544	0.000708969	0	0.00383214	1055.75	2719.31	13	9422	
0.5	0.6	5	10	15	3	386	411935	369	403548	0.00111449	0.000767174	0	0.00383214	1093.63	2659.36	18	9422	
0.5	0.6	1	11	12	3	87	332994	45	321033	0.00278905	0.0007199	0	0.00383214	7134.07	4067.89	31	9422	
0.5	0.6	7	12	6	3	270	369196	251	367453	0.00119894	0.000802259	0	0.003	1463.96	3195.56	13	9422	
0.5	0.6	4	13	3	3	727	515848	735	512670	0.000964453	0.00054786	0	0.00383214	697.51	1950.67	8	9422	
0.5	0.6	1	14	7	3	611	625600	589	626668	0.00105131	0.000611297	0	0.003	1063.95	2126.82	9	9422	
0.6	0.7	3	1	8	3	411	746192	375	743449	0.00107553	0.000721028	0	0.003	1982.53	2680.82	31	9422	
0.6	0.7	1	2	4	3	131	395302	96	392338	0.00192039	0.00108501	0	0.00383214	4086.85	4637.95	9	9422	
0.6	0.7	1	3	11	3	349	456057	330	455510	0.00126203	0.000811538	0	0.00308214	1380.33	3077.27	9	9422	
0.6	0.7	1	4	1	3	371	530458	337	527927	0.00116953	0.000763419	0	0.003	1566.55	2956.14	13	9422	
0.6	0.7	1	5	12	3	624	1023451	597	1026135	0.000961143	0.000588722	0.000635713	0.003	1718.82	2251.35	36	9422	
0.6	0.7	4	6	13	3	286	474282	241	471753	0.00127681	0.000868627	0	0.003	1957.48	3392.74	22	9422	
0.6	0.7	7	7	7	3	577	564980	573	566163	0.00106497	0.000674983	0	0.00383214	988.068	2392.25	13	9422	
0.6	0.7	3	8	10	3	439	430962	443	421258	0.0011726	0.000776519	0	0.00383214	950.921	2708.67	18	9422	
0.6	0.7	3	9	9	3	595	475207	593	475029	0.000981659	0.00062942	0	0.00383214	801.061	2367.49	13	9422	
0.6	0.7	1	10	11	3	435	491227	411	491927	0.00114073	0.000790994	0	0.00383214	1196.9	2781	18	9422	
0.6	0.7	1	11	15	3	105	400021	57	396829	0.00287431	0.000681528	0	0.00383214	6961.91	4153.14	31	9422	
0.6	0.7	5	12	16	3	289	436245	258	433407	0.00124781	0.000843827	0	0.003	1679.87	3407.58	13	9422	
0.6	0.7	8	13	13	3	744	582946	757	579970	0.00100615	0.000611496	0	0.00383214	766.143	2098.06	8	9422	
0.6	0.7	1	14	14	3	627	692112	596	692622	0.0010742	0.000642992	0	0.003	1162.12	2298.33	9	9422	
