0.108 1 1 3 8
0.108 3 1 6 8
0.108 5 1 5 6
0.108 6 2 2 5
0.108 8 1 4 6
0.108 9 1 8 5
0.108 11 1 7 6
0.108 2 2 3 5
0.108 12 2 4 8
0.108 14 3 6 4
0.108 10 2 6 8
0.108 13 3 2 5
0.208 1 2 8 6
0.208 4 1 2 4
0.208 5 4 6 7
0.208 13 6 5 8
0.208 14 3 4 6
0.208 10 5 8 4
0.208 8 5 6 5
0.208 11 6 6 4
0.308 1 7 6 8
0.308 2 5 5 6
0.308 3 3 8 4
0.308 5 2 7 5
0.308 10 5 4 7
0.308 14 8 6 4
0.308 7 2 5 3
0.308 12 4 8 6
0.308 11 6 4 5
0.308 13 6 8 3
0.308 8 7 5 3
0.308 9 4 5 3
0.408 1 7 8 6
0.408 2 9 6 5
0.408 3 7 4 7
0.408 6 3 5 4
0.408 7 3 3 8
0.408 10 3 7 8
0.408 12 10 6 8
0.408 8 5 3 5
0.408 14 8 4 5
0.408 9 6 3 6
0.408 13 4 3 4
0.408 4 4 4 7
0.508 1 11 6 8
0.508 2 10 5 6
0.508 3 4 7 4
0.508 6 9 4 6
0.508 7 8 8 5
0.508 8 11 5 8
0.508 4 5 7 5
0.508 14 12 5 3
0.508 12 10 8 7
0.508 10 9 8 5
0.608 1 11 8 3
0.608 5 8 5 4
0.608 6 14 6 4
0.608 12 6 7 5
0.608 13 10 4 8
0.608 14 7 3 8
0.608 7 13 5 7
0.608 9 12 6 3
0.608 10 15 5 8
0.608 11 9 5 6
0.608 8 12 8 3
