0.109768 14 3 4
0.109768 6 3 5
0.109768 9 4 5
0.109768 2 5 5
0.109768 13 6 5
0.109768 5 4 6
0.109768 8 5 6
0.109768 11 6 6
0.109768 1 2 8
0.109768 3 3 8
0.109768 12 4 8
0.109768 10 5 8
0.209768 5 2 7
0.209768 4 4 4
0.209768 10 5 4
0.209768 11 6 4
0.209768 8 7 5
0.209768 1 7 6
0.209768 14 8 6
0.209768 13 6 8
0.309768 7 3 3
0.309768 13 4 3
0.309768 8 5 3
0.309768 9 6 3
0.309768 3 7 4
0.309768 14 8 4
0.309768 10 3 7
0.309768 5 8 5
0.309768 11 9 5
0.309768 1 7 8
0.309768 2 9 6
0.309768 12 10 6
0.409768 1 11 6
0.409768 9 12 6
0.409768 7 8 8
0.409768 10 9 8
0.409768 12 10 8
0.409768 3 4 7
0.409768 4 5 7
0.409768 2 10 5
0.409768 8 11 5
0.409768 14 12 5
0.409768 6 9 4
0.409768 13 10 4
0.509768 14 7 3
0.509768 3 11 4
0.509768 2 13 6
0.509768 6 14 6
0.509768 7 13 5
0.509768 4 14 5
0.509768 10 15 5
0.509768 1 11 8
0.509768 8 12 8
0.509768 12 6 7
0.609768 13 13 8
0.609768 14 14 8
0.609768 10 15 8
0.609768 11 15 6
0.609768 7 7 7
0.609768 1 8 3
0.609768 9 9 3
0.609768 8 10 3
0.609768 5 12 4
0.609768 6 13 4
0.609768 12 16 5
