0.1085 1 1 3 8
0.1085 3 1 6 8
0.1085 5 1 5 6
0.1085 6 2 2 5
0.1085 8 1 4 6
0.1085 9 1 8 5
0.1085 11 1 7 6
0.1085 2 2 3 5
0.1085 12 2 4 8
0.1085 14 3 6 4
0.1085 10 2 6 8
0.1085 13 3 2 5
0.2085 1 2 8 6
0.2085 4 1 2 4
0.2085 5 4 6 7
0.2085 13 6 5 8
0.2085 14 3 4 6
0.2085 10 5 8 4
0.2085 8 5 6 5
0.2085 11 6 6 4
0.3085 1 7 6 8
0.3085 2 5 5 6
0.3085 3 3 8 4
0.3085 5 2 7 5
0.3085 10 5 4 7
0.3085 14 8 6 4
0.3085 7 2 5 3
0.3085 12 4 8 6
0.3085 11 6 4 5
0.3085 13 6 8 3
0.3085 8 7 5 3
0.3085 9 4 5 3
0.4085 1 7 8 6
0.4085 2 9 6 5
0.4085 3 7 4 7
0.4085 6 3 5 4
0.4085 7 3 3 8
0.4085 10 3 7 8
0.4085 12 10 6 8
0.4085 8 5 3 5
0.4085 14 8 4 5
0.4085 9 6 3 6
0.4085 13 4 3 4
0.4085 4 4 4 7
0.5085 1 11 6 8
0.5085 2 10 5 6
0.5085 3 4 7 4
0.5085 6 9 4 6
0.5085 7 8 8 5
0.5085 8 11 5 8
0.5085 4 5 7 5
0.5085 14 12 5 3
0.5085 12 10 8 7
0.5085 10 9 8 5
0.6085 1 11 8 3
0.6085 5 8 5 4
0.6085 6 14 6 4
0.6085 12 6 7 5
0.6085 13 10 4 8
0.6085 14 7 3 8
0.6085 7 13 5 7
0.6085 9 12 6 3
0.6085 10 15 5 8
0.6085 11 9 5 6
0.6085 8 12 8 3
