0.0542144 2 3 2 
0.0542145 3 6 1 
0.0542146 4 2 1 
0.0542147 5 5 1 
0.0542148 6 2 2 
0.0542149 7 5 2 
0.054215 9 8 1 
0.0542151 12 4 2 
0.0542151 13 2 3 
0.0542152 14 6 3 
0.0592144 1 3 1 
0.0592145 8 4 1 
0.0592146 10 6 2 
0.0592147 11 7 1 
0.1085 1 5 3 
0.1085 3 5 4 
0.1085 4 6 4 
0.1085 5 3 3 
0.1085 8 6 5 
0.1085 9 5 5 
0.1085 11 8 2 
0.1085 2 7 2 
0.1085 10 8 3 
0.1085 12 7 3 
0.1085 13 8 4 
0.1085 14 5 6 
0.1085 6 6 6 
0.109268 5 3 3 
0.109268 1 5 3 
0.109268 3 5 4 
0.109268 9 5 5 
0.109268 14 5 6 
0.109268 4 6 4 
0.109268 8 6 5 
0.109268 6 6 6 
0.109268 2 7 2 
0.109268 12 7 3 
0.109268 11 8 2 
0.109268 10 8 3 
0.109268 13 8 4 
0.2085 1 4 3 
0.2085 2 5 7 
0.2085 4 4 4 
0.2085 11 5 8 
0.2085 3 6 7 
0.2085 12 8 5 
0.2085 6 8 6 
0.2085 13 3 4 
0.2085 7 7 4 
0.2085 14 3 5 
0.209268 1 4 3 
0.209268 1 4 3 
0.209268 4 4 4 
0.209268 4 4 4 
0.209268 13 3 4 
0.209268 13 3 4 
0.209268 14 3 5 
0.209268 14 3 5 
0.209268 7 7 4 
0.209268 3 6 7 
0.209268 3 6 7 
0.209268 12 8 5 
0.209268 12 8 5 
0.209268 6 8 6 
0.209268 6 8 6 
0.209268 2 5 7 
0.209268 2 5 7 
0.209268 11 5 8 
0.209268 11 5 8 
0.3085 1 7 5 
0.3085 2 6 8 
0.3085 3 8 7 
0.3085 5 6 9 
0.3085 6 5 9 
0.3085 7 5 10 
0.3085 9 8 8 
0.3085 8 5 11 
0.3085 14 4 5 
0.3085 12 4 6 
0.3085 11 7 6 
0.309268 6 5 9 
0.309268 6 5 9 
0.309268 6 5 9 
0.309268 7 5 10 
0.309268 7 5 10 
0.309268 8 5 11 
0.309268 8 5 11 
0.309268 14 4 5 
0.309268 14 4 5 
0.309268 14 4 5 
0.309268 12 4 6 
0.309268 12 4 6 
0.309268 12 4 6 
0.309268 1 7 5 
0.309268 1 7 5 
0.309268 1 7 5 
0.309268 11 7 6 
0.309268 11 7 6 
0.309268 11 7 6 
0.309268 2 6 8 
0.309268 2 6 8 
0.309268 2 6 8 
0.309268 5 6 9 
0.309268 5 6 9 
0.309268 3 8 7 
0.309268 3 8 7 
0.309268 3 8 7 
0.309268 9 8 8 
0.309268 9 8 8 
0.4085 1 6 10 
0.4085 2 5 12 
0.4085 3 3 6 
0.4085 4 5 13 
0.4085 6 6 11 
0.4085 11 5 14 
0.4085 5 4 7 
0.4085 12 7 7 
0.4085 7 7 8 
0.409268 3 3 6 
0.409268 3 3 6 
0.409268 3 3 6 
0.409268 3 3 6 
0.409268 2 5 12 
0.409268 2 5 12 
0.409268 2 5 12 
0.409268 2 5 12 
0.409268 4 5 13 
0.409268 4 5 13 
0.409268 4 5 13 
0.409268 11 5 14 
0.409268 11 5 14 
0.409268 11 5 14 
0.409268 11 5 14 
0.409268 1 6 10 
0.409268 1 6 10 
0.409268 1 6 10 
0.409268 1 6 10 
0.409268 6 6 11 
0.409268 6 6 11 
0.409268 6 6 11 
0.409268 6 6 11 
0.409268 12 7 7 
0.409268 12 7 7 
0.409268 12 7 7 
0.409268 12 7 7 
0.409268 7 7 8 
0.409268 7 7 8 
0.409268 7 7 8 
0.409268 5 4 7 
0.409268 5 4 7 
0.409268 5 4 7 
0.5085 1 8 9 
0.5085 2 4 8 
0.5085 5 3 7 
0.5085 9 7 9 
0.5085 12 5 15 
0.5085 13 4 9 
0.5085 6 3 8 
0.5085 4 6 12 
0.5085 14 7 10 
0.509268 4 6 12 
0.509268 4 6 12 
0.509268 4 6 12 
0.509268 4 6 12 
0.509268 9 7 9 
0.509268 9 7 9 
0.509268 9 7 9 
0.509268 14 7 10 
0.509268 14 7 10 
0.509268 14 7 10 
0.509268 14 7 10 
0.509268 2 4 8 
0.509268 2 4 8 
0.509268 2 4 8 
0.509268 2 4 8 
0.509268 2 4 8 
0.509268 13 4 9 
0.509268 13 4 9 
0.509268 13 4 9 
0.509268 5 3 7 
0.509268 5 3 7 
0.509268 5 3 7 
0.509268 5 3 7 
0.509268 6 3 8 
0.509268 6 3 8 
0.509268 6 3 8 
0.509268 6 3 8 
0.509268 6 3 8 
0.509268 1 8 9 
0.509268 1 8 9 
0.509268 1 8 9 
0.509268 1 8 9 
0.509268 1 8 9 
0.509268 12 5 15 
0.509268 12 5 15 
0.509268 12 5 15 
0.509268 12 5 15 
0.509268 12 5 15 
0.6085 3 4 10 
0.6085 7 5 16 
0.6085 10 5 17 
0.6085 12 8 10 
0.6085 13 8 11 
0.6085 5 6 13 
0.6085 6 5 18 
0.6085 9 5 19 
0.6085 14 5 20 
0.609268 3 4 10 
0.609268 3 4 10 
0.609268 3 4 10 
0.609268 3 4 10 
0.609268 3 4 10 
0.609268 5 6 13 
0.609268 5 6 13 
0.609268 5 6 13 
0.609268 5 6 13 
0.609268 5 6 13 
0.609268 12 8 10 
0.609268 12 8 10 
0.609268 12 8 10 
0.609268 12 8 10 
0.609268 12 8 10 
0.609268 12 8 10 
0.609268 13 8 11 
0.609268 13 8 11 
0.609268 13 8 11 
0.609268 13 8 11 
0.609268 7 5 16 
0.609268 7 5 16 
0.609268 7 5 16 
0.609268 7 5 16 
0.609268 10 5 17 
0.609268 10 5 17 
0.609268 6 5 18 
0.609268 6 5 18 
0.609268 6 5 18 
0.609268 6 5 18 
0.609268 6 5 18 
0.609268 6 5 18 
0.609268 9 5 19 
0.609268 9 5 19 
0.609268 9 5 19 
0.609268 9 5 19 
0.609268 14 5 20 
0.609268 14 5 20 
0.609268 14 5 20 
0.609268 14 5 20 
0.609268 14 5 20 
