timestamp,ueImsiComplete,DRB.PdcpSduDelayDl(cellAverageLatency),m_pDCPBytesUL(0),m_pDCPBytesDL(cellDlTxVolume),DRB.PdcpSduVolumeDl_Filter.UEID(txBytes),Tot.PdcpSduNbrDl.UEID(txDlPackets),DRB.PdcpSduBitRateDl.UEID(pdcpThroughput),DRB.PdcpSduDelayDl.UEID(pdcpLatency),txPdcpPduLteRlc,txPdcpPduBytesLteRlc,QosFlow.PdcpPduVolumeDL_Filter.UEID(txPdcpPduBytesNrRlc),DRB.PdcpPduNbrDl.Qos.UEID(txPdcpPduNrRlc)
1760608034584,00004,0.000000,0,0,0,0,0.000000,0.000000,0,0,0.000000,0
1760608034584,00006,0.000000,0,0,0,0,0.000000,0.000000,0,0,0.000000,0
1760608034584,00013,0.000000,0,0,0,0,0.000000,0.000000,0,0,0.000000,0
1760608034584,00002,0.000000,0,0,0,0,0.000000,0.000000,0,0,0.000000,0
1760608034584,00012,0.000000,0,0,0,0,0.000000,0.000000,0,0,0.000000,0
1760608034584,00009,0.000000,0,0,0,0,0.000000,0.000000,0,0,0.000000,0
1760608034584,00005,0.000000,0,0,0,0,0.000000,0.000000,0,0,0.000000,0
1760608034584,00003,0.000000,0,0,0,0,0.000000,0.000000,0,0,0.000000,0
1760608034584,00007,0.000000,0,0,0,0,0.000000,0.000000,0,0,0.000000,0
1760608034584,00014,0.000000,0,0,0,0,0.000000,0.000000,0,0,0.000000,0
1760608034584,00010,0.000000,0,0,0,0,0.000000,0.000000,0,0,0.000000,0
1760608034584,00011,0.000000,0,0,0,0,0.000000,0.000000,0,0,0.000000,0
1760608034584,00008,0.000000,0,0,0,0,0.000000,0.000000,0,0,0.000000,0
1760608034584,00001,0.000000,0,0,0,0,0.000000,0.000000,0,0,0.000000,0
1760608034684,00004,261.851370,0,26264,1876,179,18760.000000,210.631416,86,901,975.000000,93
1760608034684,00006,261.851370,0,26264,1876,179,18760.000000,293.045251,87,912,964.000000,92
1760608034684,00013,261.851370,0,26264,1876,179,18760.000000,146.240696,95,996,880.000000,84
1760608034684,00002,261.851370,0,26264,1876,179,18760.000000,265.788151,86,901,975.000000,93
1760608034684,00012,261.851370,0,26264,1876,179,18760.000000,247.064462,95,996,880.000000,84
1760608034684,00009,261.851370,0,26264,1876,179,18760.000000,278.151740,91,954,922.000000,88
1760608034684,00005,261.851370,0,26264,1876,179,18760.000000,252.270521,87,912,964.000000,92
1760608034684,00003,261.851370,0,26264,1876,179,18760.000000,291.231125,91,954,922.000000,88
1760608034684,00007,261.851370,0,26264,1876,179,18760.000000,257.525849,90,943,933.000000,89
1760608034684,00014,261.851370,0,26264,1876,179,18760.000000,269.298202,85,891,985.000000,94
1760608034684,00010,261.851370,0,26264,1876,179,18760.000000,266.751405,90,943,933.000000,89
1760608034684,00011,261.851370,0,26264,1876,179,18760.000000,282.438280,95,996,880.000000,84
1760608034684,00008,261.851370,0,26264,1876,179,18760.000000,285.261377,83,870,1006.000000,96
1760608034684,00001,261.851370,0,26264,1876,179,18760.000000,320.220698,85,891,985.000000,94
1760608034784,00004,720.292855,0,29344,2096,200,20960.000000,675.386774,82,859,1237.000000,118
1760608034784,00006,720.292855,0,29344,2096,200,20960.000000,822.371864,110,1153,943.000000,90
1760608034784,00013,720.292855,0,29344,2096,200,20960.000000,694.245176,112,1174,922.000000,88
1760608034784,00002,720.292855,0,29344,2096,200,20960.000000,703.339409,96,1006,1090.000000,104
1760608034784,00012,720.292855,0,29344,2096,200,20960.000000,753.496791,96,1006,1090.000000,104
1760608034784,00009,720.292855,0,29344,2096,200,20960.000000,693.333113,100,1048,1048.000000,100
1760608034784,00005,720.292855,0,29344,2096,200,20960.000000,666.744940,99,1038,1058.000000,101
1760608034784,00003,720.292855,0,29344,2096,200,20960.000000,835.539059,114,1195,901.000000,86
1760608034784,00007,720.292855,0,29344,2096,200,20960.000000,689.023340,101,1058,1038.000000,99
1760608034784,00014,720.292855,0,29344,2096,200,20960.000000,654.547740,114,1195,901.000000,86
1760608034784,00010,720.292855,0,29344,2096,200,20960.000000,724.290940,100,1048,1048.000000,100
1760608034784,00011,720.292855,0,29344,2096,200,20960.000000,747.880140,101,1058,1038.000000,99
1760608034784,00008,720.292855,0,29344,2096,200,20960.000000,691.812540,93,975,1121.000000,107
1760608034784,00001,720.292855,0,29344,2096,200,20960.000000,732.088140,95,996,1100.000000,105
1760608034884,00004,1213.995768,0,29344,2096,200,20960.000000,1173.555740,98,1027,1069.000000,102
1760608034884,00006,1213.995768,0,29344,2096,200,20960.000000,1216.934140,94,985,1111.000000,106
1760608034884,00013,1213.995768,0,29344,2096,200,20960.000000,1319.258540,99,1038,1058.000000,101
1760608034884,00002,1213.995768,0,29344,2096,200,20960.000000,1191.577340,83,870,1226.000000,117
1760608034884,00012,1213.995768,0,29344,2096,200,20960.000000,1698.326423,108,1132,964.000000,92
1760608034884,00009,1213.995768,0,29344,2096,200,20960.000000,1047.004016,98,1027,1069.000000,102
1760608034884,00005,1213.995768,0,29344,2096,200,20960.000000,1137.044940,101,1058,1038.000000,99
1760608034884,00003,1213.995768,0,29344,2096,200,20960.000000,1163.418980,113,1184,912.000000,87
1760608034884,00007,1213.995768,0,29344,2096,200,20960.000000,1224.401131,108,1132,964.000000,92
1760608034884,00014,1213.995768,0,29344,2096,200,20960.000000,1153.147740,99,1038,1058.000000,101
1760608034884,00010,1213.995768,0,29344,2096,200,20960.000000,1217.890940,94,985,1111.000000,106
1760608034884,00011,1213.995768,0,29344,2096,200,20960.000000,1280.880140,103,1079,1017.000000,97
1760608034884,00008,1213.995768,0,29344,2096,200,20960.000000,1086.612540,99,1038,1058.000000,101
1760608034884,00001,1213.995768,0,29344,2096,200,20960.000000,1085.888140,105,1100,996.000000,95
1760608034984,00004,1623.227812,0,29344,2096,200,20960.000000,1558.155740,105,1100,996.000000,95
1760608034984,00006,1623.227812,0,29344,2096,200,20960.000000,1734.234140,95,996,1100.000000,105
1760608034984,00013,1623.227812,0,29344,2096,200,20960.000000,1865.021684,102,1069,1027.000000,98
1760608034984,00002,1623.227812,0,29344,2096,200,20960.000000,1640.577340,101,1058,1038.000000,99
1760608034984,00012,1623.227812,0,29344,2096,200,20960.000000,1766.698304,93,975,1121.000000,107
1760608034984,00009,1623.227812,0,29344,2096,200,20960.000000,651.597831,107,1121,975.000000,93
1760608034984,00005,1623.227812,0,29344,2096,200,20960.000000,1664.600112,114,1195,901.000000,86
1760608034984,00003,1623.227812,0,29344,2096,200,20960.000000,1837.761383,106,1111,985.000000,94
1760608034984,00007,1623.227812,0,29344,2096,200,20960.000000,1650.423340,96,1006,1090.000000,104
1760608034984,00014,1623.227812,0,29344,2096,200,20960.000000,1679.747740,103,1079,1017.000000,97
1760608034984,00010,1623.227812,0,29344,2096,200,20960.000000,1697.390940,104,1090,1006.000000,96
1760608034984,00011,1623.227812,0,29344,2096,200,20960.000000,1812.480140,102,1069,1027.000000,98
1760608034984,00008,1623.227812,0,29344,2096,200,20960.000000,1562.212540,105,1100,996.000000,95
1760608034984,00001,1623.227812,0,29344,2096,200,20960.000000,1604.288140,94,985,1111.000000,106
1760608035084,00004,2232.553605,0,29344,2096,200,20960.000000,2028.975348,108,1132,964.000000,92
1760608035084,00006,2232.553605,0,29344,2096,200,20960.000000,2491.253297,109,1142,954.000000,91
1760608035084,00013,2232.553605,0,29344,2096,200,20960.000000,2379.585854,110,1153,943.000000,90
1760608035084,00002,2232.553605,0,29344,2096,200,20960.000000,2053.016556,90,943,1153.000000,110
1760608035084,00012,2232.553605,0,29344,2096,200,20960.000000,2478.841773,107,1121,975.000000,93
1760608035084,00009,2232.553605,0,29344,2096,200,20960.000000,1922.688481,108,1132,964.000000,92
1760608035084,00005,2232.553605,0,29344,2096,200,20960.000000,2163.444940,108,1132,964.000000,92
1760608035084,00003,2232.553605,0,29344,2096,200,20960.000000,2368.766540,111,1163,933.000000,89
1760608035084,00007,2232.553605,0,29344,2096,200,20960.000000,2186.906099,106,1111,985.000000,94
1760608035084,00014,2232.553605,0,29344,2096,200,20960.000000,2695.148847,106,1111,985.000000,94
1760608035084,00010,2232.553605,0,29344,2096,200,20960.000000,2129.106626,104,1090,1006.000000,96
1760608035084,00011,2232.553605,0,29344,2096,200,20960.000000,2223.311513,105,1100,996.000000,95
1760608035084,00008,2232.553605,0,29344,2096,200,20960.000000,2046.579207,102,1069,1027.000000,98
1760608035084,00001,2232.553605,0,29344,2096,200,20960.000000,2088.125395,105,1100,996.000000,95
