% start	end	CellId	IMSI	RNTI	LCID	nTxPDUs	TxBytes	nRxPDUs	RxBytes	delay	stdDev	min	max	PduSize	stdDev	min	max
0.1	0.2	1	1	14	3	178	233180	43	56330	0.0320221	0.0124446	0.0109988	0.0539988	1310	0	1310	1310	
0.1	0.2	1	2	4	3	178	233180	37	48470	0.0265788	0.0117014	0.00549773	0.0459977	1310	0	1310	1310	
0.1	0.2	1	3	8	3	178	233180	44	57640	0.0291231	0.0140928	0.00699665	0.0835608	1310	0	1310	1310	
0.1	0.2	1	4	1	3	178	233180	37	48470	0.0210631	0.00923397	0.00349557	0.0374956	1310	0	1310	1310	
0.1	0.2	1	5	7	3	178	233180	43	56330	0.0252271	0.012357	0.00499449	0.0459945	1310	0	1310	1310	
0.1	0.2	1	6	2	3	178	233180	45	58950	0.0293045	0.0131349	0.00349341	0.0519934	1310	0	1310	1310	
0.1	0.2	1	7	9	3	178	233180	128	167680	0.0257526	0.0165444	0.00112794	0.0593244	1310	0	1310	1310	
0.1	0.2	1	8	13	3	178	233180	43	56330	0.0285261	0.0122651	0.00799125	0.0494913	1310	0	1310	1310	
0.1	0.2	1	9	6	3	178	233180	40	52400	0.0278152	0.0134606	0.00399017	0.0489902	1310	0	1310	1310	
0.1	0.2	1	10	11	3	178	233180	43	56330	0.0266751	0.0125594	0.00598909	0.0484891	1310	0	1310	1310	
0.1	0.2	1	11	12	3	178	233180	43	56330	0.0282438	0.0109829	0.00948801	0.047488	1310	0	1310	1310	
0.1	0.2	1	12	5	3	178	233180	41	53710	0.0247064	0.013315	0.00498693	0.0469869	1310	0	1310	1310	
0.1	0.2	1	13	3	3	178	233180	125	163750	0.0146241	0.0159259	0.00115717	0.0544859	1310	0	1310	1310	
0.1	0.2	1	14	10	3	178	233180	44	57640	0.0269298	0.0116622	0.00748477	0.0454848	1310	0	1310	1310	
0.2	0.3	1	1	14	3	198	259380	50	65500	0.0732088	0.0120438	0.0514988	0.0914988	1310	0	1310	1310	
0.2	0.3	1	2	4	3	198	259380	58	75980	0.0703339	0.0151725	0.0449977	0.0974977	1310	0	1310	1310	
0.2	0.3	1	3	8	3	198	259380	123	161130	0.0835539	0.0149584	0.0474967	0.115061	1310	0	1310	1310	
0.2	0.3	1	4	1	3	198	259380	58	75980	0.0675387	0.0186708	0.0359956	0.0964956	1310	0	1310	1310	
0.2	0.3	1	5	7	3	198	259380	50	65500	0.0666745	0.0146314	0.0424945	0.0894945	1310	0	1310	1310	
0.2	0.3	1	6	2	3	198	259380	158	206980	0.0822372	0.0135156	0.0504934	0.108825	1310	0	1310	1310	
0.2	0.3	1	7	9	3	198	259380	50	65500	0.0689023	0.0154632	0.0419923	0.0949923	1310	0	1310	1310	
0.2	0.3	1	8	13	3	198	259380	50	65500	0.0691813	0.0126793	0.0454913	0.0909913	1310	0	1310	1310	
0.2	0.3	1	9	6	3	198	259380	51	66810	0.0693333	0.0140012	0.0489902	0.0939902	1310	0	1310	1310	
0.2	0.3	1	10	11	3	198	259380	50	65500	0.0724291	0.0157297	0.0464891	0.0979891	1310	0	1310	1310	
0.2	0.3	1	11	12	3	198	259380	50	65500	0.074788	0.0159933	0.048988	0.100488	1310	0	1310	1310	
0.2	0.3	1	12	5	3	198	259380	51	66810	0.0753497	0.0153464	0.0494869	0.0999869	1310	0	1310	1310	
0.2	0.3	1	13	3	3	198	259380	59	77290	0.0694245	0.0316476	0.00156789	0.105486	1310	0	1310	1310	
0.2	0.3	1	14	10	3	198	259380	50	65500	0.0654548	0.0155191	0.0394848	0.0904848	1310	0	1310	1310	
0.3	0.4	1	1	14	3	198	259380	50	65500	0.108589	0.0137101	0.0874988	0.132499	1310	0	1310	1310	
0.3	0.4	1	2	4	3	198	259380	50	65500	0.119158	0.011295	0.100498	0.141998	1310	0	1310	1310	
0.3	0.4	1	3	8	3	198	259380	68	89080	0.116342	0.0158363	0.0945787	0.147997	1310	0	1310	1310	
0.3	0.4	1	4	1	3	198	259380	50	65500	0.117356	0.0110929	0.0974956	0.137996	1310	0	1310	1310	
0.3	0.4	1	5	7	3	198	259380	50	65500	0.113704	0.0146424	0.0889945	0.139494	1310	0	1310	1310	
0.3	0.4	1	6	2	3	198	259380	50	65500	0.121693	0.0146388	0.0974934	0.145493	1310	0	1310	1310	
0.3	0.4	1	7	9	3	198	259380	121	158510	0.12244	0.0151375	0.0959923	0.153057	1310	0	1310	1310	
0.3	0.4	1	8	13	3	198	259380	50	65500	0.108661	0.0132652	0.0849913	0.130491	1310	0	1310	1310	
0.3	0.4	1	9	6	3	198	259380	344	450640	0.1047	0.0504938	0.00123292	0.198411	1310	0	1310	1310	
0.3	0.4	1	10	11	3	198	259380	50	65500	0.121789	0.012913	0.0994891	0.144989	1310	0	1310	1310	
0.3	0.4	1	11	12	3	198	259380	50	65500	0.128088	0.0142467	0.104488	0.151488	1310	0	1310	1310	
0.3	0.4	1	12	5	3	198	259380	135	176850	0.169594	0.0389872	0.0964869	0.215069	1310	0	1310	1310	
0.3	0.4	1	13	3	3	198	259380	50	65500	0.131926	0.0150179	0.105986	0.155486	1310	0	1310	1310	
0.3	0.4	1	14	10	3	198	259380	50	65500	0.115315	0.014545	0.0919848	0.140985	1310	0	1310	1310	
0.4	0.5	1	1	14	3	198	259380	50	65500	0.160429	0.0151469	0.134499	0.185499	1310	0	1310	1310	
0.4	0.5	1	2	4	3	198	259380	50	65500	0.164058	0.0142	0.139498	0.188498	1310	0	1310	1310	
0.4	0.5	1	3	8	3	198	259380	62	81220	0.183776	0.0232739	0.147997	0.269829	1310	0	1310	1310	
0.4	0.5	1	4	1	3	198	259380	50	65500	0.155816	0.0125835	0.137496	0.178996	1310	0	1310	1310	
0.4	0.5	1	5	7	3	198	259380	58	75980	0.16646	0.0157833	0.138494	0.191994	1310	0	1310	1310	
0.4	0.5	1	6	2	3	198	259380	50	65500	0.173423	0.0162204	0.147493	0.201493	1310	0	1310	1310	
0.4	0.5	1	7	9	3	198	259380	50	65500	0.165042	0.0150663	0.139492	0.189992	1310	0	1310	1310	
0.4	0.5	1	8	13	3	198	259380	50	65500	0.156221	0.0138738	0.133491	0.179991	1310	0	1310	1310	
0.4	0.5	1	9	6	3	198	259380	143	187330	0.0651598	0.0785275	0.000982922	0.19649	1310	0	1310	1310	
0.4	0.5	1	10	11	3	198	259380	50	65500	0.169739	0.0134116	0.147989	0.192989	1310	0	1310	1310	
0.4	0.5	1	11	12	3	198	259380	50	65500	0.181248	0.0146689	0.156488	0.206988	1310	0	1310	1310	
0.4	0.5	1	12	5	3	198	259380	55	72050	0.176208	0.0153427	0.148987	0.203819	1310	0	1310	1310	
0.4	0.5	1	13	3	3	198	259380	51	66810	0.186502	0.015776	0.160486	0.211318	1310	0	1310	1310	
0.4	0.5	1	14	10	3	198	259380	50	65500	0.167975	0.0163677	0.141485	0.195485	1310	0	1310	1310	
0.5	0.6	1	1	14	3	198	259380	51	66810	0.208813	0.0153737	0.184999	0.235499	1310	0	1310	1310	
0.5	0.6	1	2	4	3	198	259380	51	66810	0.205302	0.0128686	0.183998	0.226998	1310	0	1310	1310	
0.5	0.6	1	3	8	3	198	259380	50	65500	0.236877	0.0150701	0.211997	0.260997	1310	0	1310	1310	
0.5	0.6	1	4	1	3	198	259380	51	66810	0.202898	0.0143972	0.178996	0.225996	1310	0	1310	1310	
0.5	0.6	1	5	7	3	198	259380	50	65500	0.216344	0.0147977	0.189994	0.240494	1310	0	1310	1310	
0.5	0.6	1	6	2	3	198	259380	74	96940	0.249125	0.040741	0.202493	0.33179	1310	0	1310	1310	
0.5	0.6	1	7	9	3	198	259380	58	75980	0.218691	0.017937	0.190492	0.249492	1310	0	1310	1310	
0.5	0.6	1	8	13	3	198	259380	51	66810	0.204658	0.0133254	0.183491	0.228991	1310	0	1310	1310	
0.5	0.6	1	9	6	3	198	259380	60	78600	0.192269	0.0820356	0.00100078	0.24849	1310	0	1310	1310	
0.5	0.6	1	10	11	3	198	259380	51	66810	0.212911	0.0128543	0.191989	0.234989	1310	0	1310	1310	
0.5	0.6	1	11	12	3	198	259380	51	66810	0.222331	0.0129594	0.200488	0.244488	1310	0	1310	1310	
0.5	0.6	1	12	5	3	198	259380	64	83840	0.247884	0.0542247	0.197987	0.356069	1310	0	1310	1310	
0.5	0.6	1	13	3	3	198	259380	52	68120	0.237959	0.0165547	0.213486	0.297068	1310	0	1310	1310	
0.5	0.6	1	14	10	3	198	259380	70	91700	0.266593	0.0927678	0.200485	0.477067	1310	0	1310	1310	
