% start	end	CellId	IMSI	RNTI	LCID	nTxPDUs	TxBytes	nRxPDUs	RxBytes	delay	stdDev	min	max	PduSize	stdDev	min	max
0.1	0.2	5	1	3	3	16	56799	6	56532	0.003	0	0.003	0.003	9422	0	9422	9422	
0.1	0.2	1	2	4	3	16	60103	6	49736	0.003	0	0.003	0.003	8289.33	2774.46	2626	9422	
0.1	0.2	5	3	4	3	33	58225	31	58181	0.0012523	0.000884633	0.000689284	0.003	1876.81	3757.65	13	9422	
0.1	0.2	1	4	1	3	13	59568	9	49941	0.00295992	0.00041828	0.00233214	0.00383214	5549	4659.13	50	9422	
0.1	0.2	1	5	7	3	15	57477	6	56532	0.003	0	0.003	0.003	9422	0	9422	9422	
0.1	0.2	1	6	2	3	16	59938	7	59158	0.003	0	0.003	0.003	8451.14	2568.65	2626	9422	
0.1	0.2	5	7	2	3	161	169351	163	169843	0.000938429	0.0005136	0	0.00383214	1041.98	1696.78	23	9422	
0.1	0.2	6	8	5	3	18	57627	6	56532	0.003	0	0.003	0.003	9422	0	9422	9422	
0.1	0.2	5	9	5	3	16	53946	10	53758	0.00261857	0.000560845	0.00177857	0.003	5375.8	4689.4	13	9422	
0.1	0.2	8	10	3	3	19	57381	7	56563	0.0026801	0.000846371	0.000760712	0.003	8080.43	3549.46	31	9422	
0.1	0.2	1	11	2	3	25	57166	26	57207	0.00153667	0.000940091	0	0.003	2200.27	4033.85	13	9422	
0.1	0.2	1	12	5	3	9	55297	6	54982	0.003	0	0.003	0.003	9163.67	632.785	7872	9422	
0.1	0.2	1	13	4	3	211	165717	215	167009	0.00093822	0.000453302	0	0.003	776.786	1498.88	31	9422	
0.1	0.2	1	14	10	3	30	58611	29	58418	0.00149002	0.000864462	0.000671427	0.003	2014.41	3850.75	22	9422	
0.2	0.3	4	1	3	3	46	124636	31	124064	0.00194366	0.00100815	0	0.003	4002.06	4682.24	50	9422	
0.2	0.3	1	2	4	3	33	126775	16	125193	0.00289643	0.000320292	0.00176071	0.003	7824.56	3477.37	31	9422	
0.2	0.3	6	3	7	3	331	337933	344	339506	0.000998046	0.00053929	0	0.003	986.936	1718.88	13	9422	
0.2	0.3	1	4	1	3	33	126401	17	125317	0.00297878	0.000296486	0.00233214	0.00383214	7371.59	3850.24	50	9422	
0.2	0.3	3	5	7	3	34	124691	13	122486	0.003	0	0.003	0.003	9422	0	9422	9422	
0.2	0.3	8	6	6	3	327	341577	319	340842	0.000993291	0.000551132	0	0.003	1068.47	1754.21	50	9422	
0.2	0.3	7	7	9	3	186	239238	175	237171	0.00102898	0.000646362	0	0.00383214	1355.26	2329.05	23	9422	
0.2	0.3	1	8	13	3	32	123931	13	122486	0.003	0	0.003	0.003	9422	0	9422	9422	
0.2	0.3	1	9	6	3	33	130267	17	119712	0.00277563	0.000463006	0.00177857	0.003	7041.88	4072.21	13	9422	
0.2	0.3	1	10	11	3	39	123992	21	122811	0.00208809	0.0012117	0	0.003	5848.14	4668.3	13	9422	
0.2	0.3	5	11	8	3	47	124308	38	123464	0.00184511	0.000957262	0	0.003	3249.05	4511.16	13	9422	
0.2	0.3	1	12	5	3	29	131319	13	120936	0.003	0	0.003	0.003	9302.77	429.893	7872	9422	
0.2	0.3	3	13	4	3	243	243401	246	244524	0.00104232	0.000619923	0	0.003	994	2018.69	31	9422	
0.2	0.3	3	14	10	3	60	128346	45	126258	0.00172547	0.00095896	0.000671427	0.003	2805.73	4265.88	22	9422	
0.3	0.4	7	1	5	3	65	191575	42	190383	0.00219243	0.000965522	0	0.003	4532.93	4718.09	50	9422	
0.3	0.4	1	2	8	3	52	193604	23	191147	0.00292795	0.000268924	0.00176071	0.003	8310.74	2968.07	31	9422	
0.3	0.4	1	3	8	3	373	434911	377	428322	0.00102085	0.000595667	0	0.003	1136.13	2003.71	13	9422	
0.3	0.4	1	4	1	3	49	192805	27	191421	0.00285688	0.000436452	0.00183214	0.00383214	7089.67	4044.42	50	9422	
0.3	0.4	1	5	7	3	52	200732	20	188440	0.003	0	0.003	0.003	9422	0	9422	9422	
0.3	0.4	1	6	9	3	375	433545	358	432078	0.00102536	0.000595866	0	0.003	1206.92	2025.17	50	9422	
0.3	0.4	5	7	10	3	390	400381	382	399396	0.00102497	0.000591962	0	0.00383214	1045.54	1998.26	23	9422	
0.3	0.4	5	8	11	3	48	190165	29	188720	0.00263658	0.000742123	0	0.003	6507.59	4421.45	22	9422	
0.3	0.4	1	9	8	3	295	573679	292	583547	0.00103051	0.000634633	0	0.003	1998.45	2116.29	13	9422	
0.3	0.4	1	10	3	3	117	197094	104	196063	0.00125659	0.000898961	0	0.003	1885.22	3695.55	13	9422	
0.3	0.4	7	11	6	3	65	191142	54	190198	0.00195873	0.000990045	0	0.00383214	3522.19	4567.51	13	9422	
0.3	0.4	4	12	6	3	321	303415	304	301099	0.00109129	0.00065425	0	0.00383214	990.457	2287.45	50	9422	
0.3	0.4	1	13	3	3	262	311431	263	312131	0.00109878	0.000703356	0	0.003	1186.81	2387.03	31	9422	
0.3	0.4	4	14	5	3	79	194900	52	192212	0.00189704	0.000993141	0.000671427	0.003	3696.38	4571.6	22	9422	
0.4	0.5	6	1	14	3	84	258404	49	256337	0.0023078	0.000936912	0	0.003	5231.37	4690.62	50	9422	
0.4	0.5	1	2	12	3	69	260092	31	257151	0.00290081	0.000337429	0.00158214	0.003	8295.19	3003.8	31	9422	
0.4	0.5	1	3	8	3	431	507051	436	509884	0.00108805	0.000695847	0	0.00408214	1169.46	2202.91	13	9422	
0.4	0.5	1	4	13	3	69	259388	34	257375	0.00288634	0.000391833	0.00183214	0.00383214	7569.85	3715.36	50	9422	
0.4	0.5	1	5	7	3	71	267781	28	263816	0.003	0	0.003	0.003	9422	0	9422	9422	
0.4	0.5	6	6	11	3	392	500164	365	498032	0.00106323	0.000649442	0	0.003	1364.47	2301.17	50	9422	
0.4	0.5	1	7	9	3	408	476422	389	465350	0.00106051	0.00064281	0	0.00383214	1196.27	2272.46	23	9422	
0.4	0.5	1	8	13	3	64	257064	36	254674	0.00270724	0.000679615	0	0.003	7074.28	4124.06	22	9422	
0.4	0.5	8	9	8	3	440	762035	458	793584	0.00103002	0.000608744	0	0.003	1732.72	2028.8	13	9422	
0.4	0.5	8	10	11	3	273	286595	263	285673	0.00110436	0.000775236	0	0.00433214	1086.21	2825.71	4	9422	
0.4	0.5	5	11	12	3	83	257570	61	256152	0.00207822	0.000988844	0	0.00383214	4199.21	4692.88	13	9422	
0.4	0.5	1	12	7	3	368	378189	341	376621	0.00112171	0.000693332	0	0.00383214	1104.46	2481.03	50	9422	
0.4	0.5	1	13	3	3	282	379208	289	380233	0.00115602	0.000812978	0	0.00383214	1315.69	2625.18	13	9422	
0.4	0.5	1	14	10	3	96	271221	59	258166	0.0020279	0.000998343	0.000671427	0.003	4375.69	4675.93	22	9422	
0.5	0.6	8	1	9	3	103	325618	56	322291	0.00239432	0.00090523	0	0.003	5755.2	4599.71	50	9422	
0.5	0.6	4	2	8	3	88	326864	38	323105	0.00291908	0.000306327	0.00158214	0.003	8502.76	2740.76	31	9422	
0.5	0.6	3	3	6	3	463	574527	465	577027	0.00112281	0.00072288	0	0.00408214	1240.92	2372.94	9	9422	
0.5	0.6	6	4	12	3	88	326602	41	323329	0.00290575	0.000358524	0.00183214	0.00383214	7886.07	3447.62	50	9422	
0.5	0.6	1	5	7	3	90	334221	35	329770	0.003	0	0.003	0.003	9422	0	9422	9422	
0.5	0.6	3	6	2	3	581	608251	555	606513	0.001076	0.000645291	0	0.00383214	1092.82	2157.64	31	9422	
0.5	0.6	1	7	8	3	553	579366	546	579364	0.00105155	0.000630296	0	0.00383214	1061.11	2212.58	23	9422	
0.5	0.6	5	8	11	3	83	324278	43	320628	0.0027549	0.000629965	0	0.003	7456.47	3865.53	22	9422	
0.5	0.6	7	9	9	3	481	843864	492	872863	0.00104734	0.000642925	0	0.003	1774.11	2185.26	13	9422	
0.5	0.6	1	10	11	3	292	363246	283	352983	0.00116788	0.000857463	0	0.00433214	1247.29	3026.82	4	9422	
0.5	0.6	1	11	12	3	99	333621	74	322571	0.00215125	0.000984889	0	0.00383214	4359.07	4699.72	13	9422	
0.5	0.6	1	12	5	3	452	462288	425	460720	0.00114308	0.000730292	0	0.00408214	1084.05	2493.09	50	9422	
0.5	0.6	4	13	3	3	304	446689	304	447422	0.0011957	0.000850038	0	0.00383214	1471.78	2842.5	13	9422	
0.5	0.6	1	14	10	3	212	354923	177	351267	0.00139039	0.000902211	0	0.003	1984.56	3703.61	22	9422	
