0.109768 5 3 3
0.109768 1 3 5
0.109768 3 4 5
0.109768 9 5 5
0.109768 14 6 5
0.109768 4 4 6
0.109768 8 5 6
0.109768 6 6 6
0.109768 2 2 7
0.109768 12 3 7
0.109768 11 2 8
0.109768 10 3 8
0.109768 13 4 8
0.209768 1 3 4
0.209768 4 4 4
0.209768 13 4 3
0.209768 14 5 3
0.209768 7 4 7
0.209768 3 7 6
0.209768 12 5 8
0.209768 6 6 8
0.209768 2 7 5
0.209768 11 8 5
0.309768 6 9 5
0.309768 7 10 5
0.309768 8 11 5
0.309768 14 5 4
0.309768 12 6 4
0.309768 1 5 7
0.309768 11 6 7
0.309768 2 8 6
0.309768 5 9 6
0.309768 3 7 8
0.309768 9 8 8
0.409768 3 6 3
0.409768 2 12 5
0.409768 4 13 5
0.409768 11 14 5
0.409768 1 10 6
0.409768 6 11 6
0.409768 12 7 7
0.409768 7 8 7
0.409768 5 7 4
0.509768 4 12 6
0.509768 9 9 7
0.509768 14 10 7
0.509768 2 8 4
0.509768 13 9 4
0.509768 5 7 3
0.509768 6 8 3
0.509768 1 9 8
0.509768 12 15 5
0.609768 3 10 4
0.609768 5 13 6
0.609768 12 10 8
0.609768 13 11 8
0.609768 7 16 5
0.609768 10 17 5
0.609768 6 18 5
0.609768 9 19 5
0.609768 14 20 5
