0.108 1 1 3 5
0.108 3 1 6 5
0.108 4 1 2 6
0.108 5 1 5 3
0.108 8 1 4 6
0.108 9 1 8 5
0.108 11 1 7 8
0.108 2 2 3 7
0.108 10 2 6 8
0.108 12 2 4 7
0.108 13 3 2 8
0.108 14 3 6 5
0.108 6 2 2 6
0.208 1 3 5 4
0.208 2 2 7 5
0.208 4 4 6 4
0.208 11 2 8 5
0.208 3 4 5 6
0.208 12 3 7 8
0.208 6 6 6 8
0.208 13 4 8 3
0.208 7 2 5 7
0.208 14 6 5 3
0.308 1 3 4 7
0.308 2 7 5 6
0.308 3 7 6 8
0.308 5 3 3 6
0.308 6 6 8 5
0.308 7 4 7 5
0.308 9 5 5 8
0.308 8 5 6 5
0.308 14 5 3 4
0.308 12 5 8 4
0.308 11 8 5 7
0.408 1 5 7 6
0.408 2 8 6 5
0.408 3 7 8 3
0.408 4 4 4 5
0.408 6 9 5 6
0.408 11 6 7 5
0.408 5 9 6 4
0.408 12 6 4 7
0.408 7 10 5 7
0.508 1 10 6 8
0.508 2 12 5 4
0.508 5 7 4 3
0.508 9 8 8 7
0.508 12 7 7 5
0.508 13 4 3 4
0.508 6 11 6 3
0.508 4 13 5 6
0.508 14 5 4 7
0.608 3 6 3 4
0.608 7 8 7 5
0.608 10 3 8 5
0.608 12 15 5 8
0.608 13 9 4 8
0.608 5 7 3 6
0.608 6 8 3 5
0.608 9 9 7 5
0.608 14 10 7 5
