0.1085 1 1 3 5
0.1085 3 1 6 5
0.1085 4 1 2 6
0.1085 5 1 5 3
0.1085 8 1 4 6
0.1085 9 1 8 5
0.1085 11 1 7 8
0.1085 2 2 3 7
0.1085 10 2 6 8
0.1085 12 2 4 7
0.1085 13 3 2 8
0.1085 14 3 6 5
0.1085 6 2 2 6
0.2085 1 3 5 4
0.2085 2 2 7 5
0.2085 4 4 6 4
0.2085 11 2 8 5
0.2085 3 4 5 6
0.2085 12 3 7 8
0.2085 6 6 6 8
0.2085 13 4 8 3
0.2085 7 2 5 7
0.2085 14 6 5 3
0.3085 1 3 4 7
0.3085 2 7 5 6
0.3085 3 7 6 8
0.3085 5 3 3 6
0.3085 6 6 8 5
0.3085 7 4 7 5
0.3085 9 5 5 8
0.3085 8 5 6 5
0.3085 14 5 3 4
0.3085 12 5 8 4
0.3085 11 8 5 7
0.4085 1 5 7 6
0.4085 2 8 6 5
0.4085 3 7 8 3
0.4085 4 4 4 5
0.4085 6 9 5 6
0.4085 11 6 7 5
0.4085 5 9 6 4
0.4085 12 6 4 7
0.4085 7 10 5 7
0.5085 1 10 6 8
0.5085 2 12 5 4
0.5085 5 7 4 3
0.5085 9 8 8 7
0.5085 12 7 7 5
0.5085 13 4 3 4
0.5085 6 11 6 3
0.5085 4 13 5 6
0.5085 14 5 4 7
0.6085 3 6 3 4
0.6085 7 8 7 5
0.6085 10 3 8 5
0.6085 12 15 5 8
0.6085 13 9 4 8
0.6085 5 7 3 6
0.6085 6 8 3 5
0.6085 9 9 7 5
0.6085 14 10 7 5
