0.109268 5 3 3
0.109268 1 3 5
0.109268 3 4 5
0.109268 9 5 5
0.109268 14 6 5
0.109268 4 4 6
0.109268 8 5 6
0.109268 6 6 6
0.109268 2 2 7
0.109268 12 3 7
0.109268 11 2 8
0.109268 10 3 8
0.109268 13 4 8
0.209268 1 3 4
0.209268 4 4 4
0.209268 13 4 3
0.209268 14 5 3
0.209268 7 4 7
0.209268 3 7 6
0.209268 12 5 8
0.209268 6 6 8
0.209268 2 7 5
0.209268 11 8 5
0.309268 6 9 5
0.309268 7 10 5
0.309268 8 11 5
0.309268 14 5 4
0.309268 12 6 4
0.309268 1 5 7
0.309268 11 6 7
0.309268 2 8 6
0.309268 5 9 6
0.309268 3 7 8
0.309268 9 8 8
0.409268 3 6 3
0.409268 2 12 5
0.409268 4 13 5
0.409268 11 14 5
0.409268 1 10 6
0.409268 6 11 6
0.409268 12 7 7
0.409268 7 8 7
0.409268 5 7 4
0.509268 4 12 6
0.509268 9 9 7
0.509268 14 10 7
0.509268 2 8 4
0.509268 13 9 4
0.509268 5 7 3
0.509268 6 8 3
0.509268 1 9 8
0.509268 12 15 5
0.609268 3 10 4
0.609268 5 13 6
0.609268 12 10 8
0.609268 13 11 8
0.609268 7 16 5
0.609268 10 17 5
0.609268 6 18 5
0.609268 9 19 5
0.609268 14 20 5
