0.0542144 2 3 2 
0.0542145 3 6 1 
0.0542146 4 2 1 
0.0542147 5 5 1 
0.0542148 6 2 2 
0.0542149 7 5 2 
0.054215 9 8 1 
0.0542151 12 4 2 
0.0542151 13 2 3 
0.0542152 14 6 3 
0.0592144 1 3 1 
0.0592145 8 4 1 
0.0592146 10 6 2 
0.0592147 11 7 1 
0.1085 2 5 3 
0.1085 3 8 2 
0.1085 4 4 3 
0.1085 5 7 2 
0.1085 9 4 4 
0.1085 12 8 3 
0.1085 10 5 4 
0.1085 6 7 3 
0.1085 13 5 5 
0.1085 7 7 4 
0.1085 14 5 6 
0.109268 4 4 3 
0.109268 9 4 4 
0.109268 2 5 3 
0.109268 10 5 4 
0.109268 13 5 5 
0.109268 14 5 6 
0.109268 5 7 2 
0.109268 6 7 3 
0.109268 7 7 4 
0.109268 3 8 2 
0.109268 12 8 3 
