0.02 0 1 1 0
0.02 0 2 1 0
0.02 0 3 1 0
0.02 0 4 1 0
0.02 0 5 1 0
0.02 0 6 1 0
0.02 0 7 1 0
0.02 0 8 1 0
0.02 0 9 1 0
0.02 0 10 1 0
0.0232143 0 4 1 0
0.0232143 0 8 1 0
0.0232143 0 1 1 0
0.0232143 0 7 1 0
0.0232143 0 2 1 0
0.0232143 0 9 1 0
0.0232143 0 6 1 0
0.0232143 0 5 1 0
0.0232143 0 3 1 0
0.0232143 0 10 1 0
0.025 0 11 1 0
0.025 0 12 1 0
0.025 0 13 1 0
0.025 0 14 1 0
0.0282143 0 14 1 0
0.0282143 0 13 1 0
0.0282143 0 11 1 0
0.0282143 0 12 1 0
0.03 0 1 1 0
0.03 0 2 1 0
0.03 0 3 1 0
0.03 0 4 1 0
0.03 0 5 1 0
0.03 0 6 1 0
0.03 0 7 1 0
0.03 0 8 1 0
0.03 0 9 1 0
0.03 0 10 1 0
0.0332143 0 4 1 0
0.0332143 0 8 1 0
0.0332143 0 1 1 0
0.0332143 0 7 1 0
0.0332143 0 2 1 0
0.0332143 0 9 1 0
0.0332143 0 6 1 0
0.0332143 0 5 1 0
0.0332143 0 3 1 0
0.0332143 0 10 1 0
0.035 0 11 1 0
0.035 0 12 1 0
0.035 0 13 1 0
0.035 0 14 1 0
0.0382143 0 14 1 0
0.0382143 0 13 1 0
0.0382143 0 11 1 0
0.0382143 0 12 1 0
0.04 0 1 1 0
0.04 0 2 1 0
0.04 0 3 1 0
0.04 0 4 1 0
0.04 0 5 1 0
0.04 0 6 1 0
0.04 0 7 1 0
0.04 0 8 1 0
0.04 0 9 1 0
0.04 0 10 1 0
0.0432143 0 4 1 0
0.0432143 0 8 1 0
0.0432143 0 1 1 0
0.0432143 0 7 1 0
0.0432143 0 2 1 0
0.0432143 0 9 1 0
0.0432143 0 6 1 0
0.0432143 0 5 1 0
0.0432143 0 3 1 0
0.0432143 0 10 1 0
0.04475 0 1 1 0
0.04475 0 2 1 0
0.04475 0 3 1 0
0.04475 0 1 1 0
0.04475 0 2 1 0
0.04475 0 1 1 0
0.04475 0 2 1 0
0.04475 0 1 1 0
0.04475 0 2 1 0
0.04475 0 1 1 0
0.04475 0 2 1 0
0.04475 0 3 1 0
0.04475 0 1 1 0
0.04475 0 1 1 0
0.045 0 11 1 0
0.045 0 12 1 0
0.045 0 13 1 0
0.045 0 14 1 0
0.0462679 0 1 1 0
0.0462679 0 2 1 0
0.0462679 0 3 1 0
0.0462679 0 2 1 0
0.0462679 0 1 1 0
0.0462679 0 2 1 0
0.0462679 0 1 1 0
0.0462679 0 1 1 0
0.0462679 0 2 1 0
0.0462679 0 1 1 0
0.0462679 0 3 1 0
0.0462679 0 2 1 0
0.0462679 0 1 1 0
0.0462679 0 1 1 0
0.0482143 0 14 1 0
0.0482143 0 13 1 0
0.0482143 0 11 1 0
0.0482143 0 12 1 0
0.05 0 1 1 0
0.05 0 2 1 0
0.05 0 3 1 0
0.05 0 4 1 0
0.05 0 5 1 0
0.05 0 6 1 0
0.05 0 7 1 0
0.05 0 8 1 0
0.05 0 9 1 0
0.05 0 10 1 0
0.0527144 2 4 3 0
0.0527145 3 8 3 0
0.0527146 4 1 3 0
0.0527147 5 7 3 0
0.0527148 6 2 3 0
0.0527149 7 9 3 0
0.052715 9 6 3 0
0.052715 12 5 3 0
0.0527151 13 3 3 0
0.0527152 14 10 3 0
0.0532143 0 4 1 0
0.0532143 0 8 1 0
0.0532143 0 1 1 0
0.0532143 0 7 1 0
0.0532143 0 2 1 0
0.0532143 0 9 1 0
0.0532143 0 6 1 0
0.0532143 0 5 1 0
0.0532143 0 3 1 0
0.0532143 0 10 1 0
0.0532144 0 4 3 0
0.0532145 0 8 3 0
0.0532146 0 1 3 0
0.0532147 0 7 3 0
0.0532148 0 2 3 0
0.0532149 0 9 3 0
0.053215 0 6 3 0
0.053215 0 5 3 0
0.0532151 0 3 3 0
0.0532152 0 10 3 0
0.0547144 2 2 3 0
0.0547145 3 1 3 0
0.0547146 4 1 3 0
0.0547147 5 1 3 0
0.0547148 6 2 3 0
0.0547149 7 2 3 0
0.054715 9 1 3 0
0.054715 12 2 3 0
0.0547151 13 3 3 0
0.0547152 14 3 3 0
0.05475 0 1 1 0
0.05475 0 2 1 0
0.05475 0 3 1 0
0.05475 0 1 1 0
0.05475 0 2 1 0
0.05475 0 1 1 0
0.05475 0 2 1 0
0.05475 0 1 1 0
0.05475 0 2 1 0
0.05475 0 1 1 0
0.05475 0 2 1 0
0.05475 0 3 1 0
0.05475 0 1 1 0
0.05475 0 1 1 0
0.055 0 11 1 0
0.055 0 12 1 0
0.055 0 13 1 0
0.055 0 14 1 0
0.0562144 0 2 3 0
0.0562145 0 1 3 0
0.0562146 0 1 3 0
0.0562147 0 1 3 0
0.0562148 0 2 3 0
0.0562149 0 2 3 0
0.056215 0 1 3 0
0.0562151 0 2 3 0
0.0562151 0 3 3 0
0.0562152 0 3 3 0
0.0562679 0 1 1 0
0.0562679 0 2 1 0
0.0562679 0 3 1 0
0.0562679 0 2 1 0
0.0562679 0 1 1 0
0.0562679 0 2 1 0
0.0562679 0 1 1 0
0.0562679 0 1 1 0
0.0562679 0 2 1 0
0.0562679 0 1 1 0
0.0562679 0 3 1 0
0.0562679 0 2 1 0
0.0562679 0 1 1 0
0.0562679 0 1 1 0
0.0577144 1 14 3 0
0.0577145 8 13 3 0
0.0577146 10 11 3 0
0.0577147 11 12 3 0
0.0582143 0 14 1 0
0.0582143 0 13 1 0
0.0582143 0 11 1 0
0.0582143 0 12 1 0
0.0582144 0 14 3 0
0.0582145 0 13 3 0
0.0582146 0 11 3 0
0.0582147 0 12 3 0
0.0597144 1 1 3 0
0.0597145 8 1 3 0
0.0597146 10 2 3 0
0.0597147 11 1 3 0
0.06 0 1 1 0
0.06 0 2 1 0
0.06 0 3 1 0
0.06 0 4 1 0
0.06 0 5 1 0
0.06 0 6 1 0
0.06 0 7 1 0
0.06 0 8 1 0
0.06 0 9 1 0
0.06 0 10 1 0
0.0612144 0 1 3 0
0.0612145 0 1 3 0
0.0612146 0 2 3 0
0.0612147 0 1 3 0
0.0627144 2 4 3 0
0.0627145 3 8 3 0
0.0627146 4 1 3 0
0.0627147 5 7 3 0
0.0627148 6 2 3 0
0.0627149 7 9 3 0
0.062715 9 6 3 0
0.062715 12 5 3 0
0.0627151 13 3 3 0
0.0627152 14 10 3 0
0.0632143 0 4 1 0
0.0632143 0 8 1 0
0.0632143 0 1 1 0
0.0632143 0 7 1 0
0.0632143 0 2 1 0
0.0632143 0 9 1 0
0.0632143 0 6 1 0
0.0632143 0 5 1 0
0.0632143 0 3 1 0
0.0632143 0 10 1 0
0.0632144 0 4 3 0
0.0632145 0 8 3 0
0.0632146 0 1 3 0
0.0632147 0 7 3 0
0.0632148 0 2 3 0
0.0632149 0 9 3 0
0.063215 0 6 3 0
0.063215 0 5 3 0
0.0632151 0 3 3 0
0.0632152 0 10 3 0
0.0647144 2 2 3 0
0.0647145 3 1 3 0
0.0647146 4 1 3 0
0.0647147 5 1 3 0
0.0647148 6 2 3 0
0.0647149 7 2 3 0
0.064715 9 1 3 0
0.064715 12 2 3 0
0.0647151 13 3 3 0
0.0647152 14 3 3 0
0.06475 0 1 1 0
0.06475 0 2 1 0
0.06475 0 3 1 0
0.06475 0 1 1 0
0.06475 0 2 1 0
0.06475 0 1 1 0
0.06475 0 2 1 0
0.06475 0 1 1 0
0.06475 0 2 1 0
0.06475 0 1 1 0
0.06475 0 2 1 0
0.06475 0 3 1 0
0.06475 0 1 1 0
0.06475 0 1 1 0
0.065 0 11 1 0
0.065 0 12 1 0
0.065 0 13 1 0
0.065 0 14 1 0
0.0662144 0 2 3 0
0.0662145 0 1 3 0
0.0662146 0 1 3 0
0.0662147 0 1 3 0
0.0662148 0 2 3 0
0.0662149 0 2 3 0
0.066215 0 1 3 0
0.066215 0 2 3 0
0.0662151 0 3 3 0
0.0662152 0 3 3 0
0.0662679 0 1 1 0
0.0662679 0 2 1 0
0.0662679 0 3 1 0
0.0662679 0 2 1 0
0.0662679 0 1 1 0
0.0662679 0 2 1 0
0.0662679 0 1 1 0
0.0662679 0 1 1 0
0.0662679 0 2 1 0
0.0662679 0 1 1 0
0.0662679 0 3 1 0
0.0662679 0 2 1 0
0.0662679 0 1 1 0
0.0662679 0 1 1 0
0.0677144 1 14 3 0
0.0677145 8 13 3 0
0.0677146 10 11 3 0
0.0677147 11 12 3 0
0.0682143 0 14 1 0
0.0682143 0 13 1 0
0.0682143 0 11 1 0
0.0682143 0 12 1 0
0.0682144 0 14 3 0
0.0682145 0 13 3 0
0.0682146 0 11 3 0
0.0682147 0 12 3 0
0.0697144 1 1 3 0
0.0697145 8 1 3 0
0.0697146 10 2 3 0
0.0697147 11 1 3 0
0.07 0 1 1 0
0.07 0 2 1 0
0.07 0 3 1 0
0.07 0 4 1 0
0.07 0 5 1 0
0.07 0 6 1 0
0.07 0 7 1 0
0.07 0 8 1 0
0.07 0 9 1 0
0.07 0 10 1 0
0.0712144 0 1 3 0
0.0712145 0 1 3 0
0.0712146 0 2 3 0
0.0712147 0 1 3 0
0.0727144 2 4 3 0
0.0727145 3 8 3 0
0.0727146 4 1 3 0
0.0727147 5 7 3 0
0.0727148 6 2 3 0
0.0727149 7 9 3 0
0.072715 9 6 3 0
0.072715 12 5 3 0
0.0727151 13 3 3 0
0.0727152 14 10 3 0
0.0732143 0 4 1 0
0.0732143 0 8 1 0
0.0732143 0 1 1 0
0.0732143 0 7 1 0
0.0732143 0 2 1 0
0.0732143 0 9 1 0
0.0732143 0 6 1 0
0.0732143 0 5 1 0
0.0732143 0 3 1 0
0.0732143 0 10 1 0
0.0732144 0 4 3 0
0.0732145 0 8 3 0
0.0732146 0 1 3 0
0.0732147 0 7 3 0
0.0732148 0 2 3 0
0.0732149 0 9 3 0
0.073215 0 6 3 0
0.073215 0 5 3 0
0.0732151 0 3 3 0
0.0732152 0 10 3 0
0.0747144 2 2 3 0
0.0747145 3 1 3 0
0.0747146 4 1 3 0
0.0747147 5 1 3 0
0.0747148 6 2 3 0
0.0747149 7 2 3 0
0.074715 9 1 3 0
0.074715 12 2 3 0
0.0747151 13 3 3 0
0.0747152 14 3 3 0
0.07475 0 1 1 0
0.07475 0 2 1 0
0.07475 0 3 1 0
0.07475 0 1 1 0
0.07475 0 2 1 0
0.07475 0 1 1 0
0.07475 0 2 1 0
0.07475 0 1 1 0
0.07475 0 2 1 0
0.07475 0 1 1 0
0.07475 0 2 1 0
0.07475 0 3 1 0
0.07475 0 1 1 0
0.07475 0 1 1 0
0.075 0 11 1 0
0.075 0 12 1 0
0.075 0 13 1 0
0.075 0 14 1 0
0.0762144 0 2 3 0
0.0762145 0 1 3 0
0.0762146 0 1 3 0
0.0762147 0 1 3 0
0.0762148 0 2 3 0
0.0762149 0 2 3 0
0.076215 0 1 3 0
0.0762151 0 2 3 0
0.0762151 0 3 3 0
0.0762152 0 3 3 0
0.0762679 0 1 1 0
0.0762679 0 2 1 0
0.0762679 0 3 1 0
0.0762679 0 2 1 0
0.0762679 0 1 1 0
0.0762679 0 2 1 0
0.0762679 0 1 1 0
0.0762679 0 1 1 0
0.0762679 0 2 1 0
0.0762679 0 1 1 0
0.0762679 0 3 1 0
0.0762679 0 2 1 0
0.0762679 0 1 1 0
0.0762679 0 1 1 0
0.0777144 1 14 3 0
0.0777145 8 13 3 0
0.0777146 10 11 3 0
0.0777147 11 12 3 0
0.0782143 0 14 1 0
0.0782143 0 13 1 0
0.0782143 0 11 1 0
0.0782143 0 12 1 0
0.0782144 0 14 3 0
0.0782145 0 13 3 0
0.0782146 0 11 3 0
0.0782147 0 12 3 0
0.0797144 1 1 3 0
0.0797145 8 1 3 0
0.0797146 10 2 3 0
0.0797147 11 1 3 0
0.08 0 1 1 0
0.08 0 2 1 0
0.08 0 3 1 0
0.08 0 4 1 0
0.08 0 5 1 0
0.08 0 6 1 0
0.08 0 7 1 0
0.08 0 8 1 0
0.08 0 9 1 0
0.08 0 10 1 0
0.0812144 0 1 3 0
0.0812145 0 1 3 0
0.0812146 0 2 3 0
0.0812147 0 1 3 0
0.0827144 2 4 3 0
0.0827145 3 8 3 0
0.0827146 4 1 3 0
0.0827147 5 7 3 0
0.0827148 6 2 3 0
0.0827149 7 9 3 0
0.082715 9 6 3 0
0.082715 12 5 3 0
0.0827151 13 3 3 0
0.0827152 14 10 3 0
0.0832143 0 4 1 0
0.0832143 0 8 1 0
0.0832143 0 1 1 0
0.0832143 0 7 1 0
0.0832143 0 2 1 0
0.0832143 0 9 1 0
0.0832143 0 6 1 0
0.0832143 0 5 1 0
0.0832143 0 3 1 0
0.0832143 0 10 1 0
0.0832144 0 4 3 0
0.0832145 0 8 3 0
0.0832146 0 1 3 0
0.0832147 0 7 3 0
0.0832148 0 2 3 0
0.0832149 0 9 3 0
0.083215 0 6 3 0
0.083215 0 5 3 0
0.0832151 0 3 3 0
0.0832152 0 10 3 0
0.0847144 2 2 3 0
0.0847145 3 1 3 0
0.0847146 4 1 3 0
0.0847147 5 1 3 0
0.0847148 6 2 3 0
0.0847149 7 2 3 0
0.084715 9 1 3 0
0.084715 12 2 3 0
0.0847151 13 3 3 0
0.0847152 14 3 3 0
0.08475 0 1 1 0
0.08475 0 2 1 0
0.08475 0 3 1 0
0.08475 0 1 1 0
0.08475 0 2 1 0
0.08475 0 1 1 0
0.08475 0 2 1 0
0.08475 0 1 1 0
0.08475 0 2 1 0
0.08475 0 1 1 0
0.08475 0 2 1 0
0.08475 0 3 1 0
0.08475 0 1 1 0
0.08475 0 1 1 0
0.085 0 11 1 0
0.085 0 12 1 0
0.085 0 13 1 0
0.085 0 14 1 0
0.0862144 0 2 3 0
0.0862145 0 1 3 0
0.0862146 0 1 3 0
0.0862147 0 1 3 0
0.0862148 0 2 3 0
0.0862149 0 2 3 0
0.086215 0 1 3 0
0.0862151 0 2 3 0
0.0862151 0 3 3 0
0.0862152 0 3 3 0
0.0862679 0 1 1 0
0.0862679 0 2 1 0
0.0862679 0 3 1 0
0.0862679 0 2 1 0
0.0862679 0 1 1 0
0.0862679 0 2 1 0
0.0862679 0 1 1 0
0.0862679 0 1 1 0
0.0862679 0 2 1 0
0.0862679 0 1 1 0
0.0862679 0 3 1 0
0.0862679 0 2 1 0
0.0862679 0 1 1 0
0.0862679 0 1 1 0
0.0877144 1 14 3 0
0.0877145 8 13 3 0
0.0877146 10 11 3 0
0.0877147 11 12 3 0
0.0882143 0 14 1 0
0.0882143 0 13 1 0
0.0882143 0 11 1 0
0.0882143 0 12 1 0
0.0882144 0 14 3 0
0.0882145 0 13 3 0
0.0882146 0 11 3 0
0.0882147 0 12 3 0
0.0897144 1 1 3 0
0.0897145 8 1 3 0
0.0897146 10 2 3 0
0.0897147 11 1 3 0
0.09 0 1 1 0
0.09 0 2 1 0
0.09 0 3 1 0
0.09 0 4 1 0
0.09 0 5 1 0
0.09 0 6 1 0
0.09 0 7 1 0
0.09 0 8 1 0
0.09 0 9 1 0
0.09 0 10 1 0
0.0912144 0 1 3 0
0.0912145 0 1 3 0
0.0912146 0 2 3 0
0.0912147 0 1 3 0
0.0927144 2 4 3 0
0.0927145 3 8 3 0
0.0927146 4 1 3 0
0.0927147 5 7 3 0
0.0927148 6 2 3 0
0.0927149 7 9 3 0
0.092715 9 6 3 0
0.092715 12 5 3 0
0.0927151 13 3 3 0
0.0927152 14 10 3 0
0.0932143 0 4 1 0
0.0932143 0 8 1 0
0.0932143 0 1 1 0
0.0932143 0 7 1 0
0.0932143 0 2 1 0
0.0932143 0 9 1 0
0.0932143 0 6 1 0
0.0932143 0 5 1 0
0.0932143 0 3 1 0
0.0932143 0 10 1 0
0.0932144 0 4 3 0
0.0932145 0 8 3 0
0.0932146 0 1 3 0
0.0932147 0 7 3 0
0.0932148 0 2 3 0
0.0932149 0 9 3 0
0.093215 0 6 3 0
0.093215 0 5 3 0
0.0932151 0 3 3 0
0.0932152 0 10 3 0
0.0947144 2 2 3 0
0.0947145 3 1 3 0
0.0947146 4 1 3 0
0.0947147 5 1 3 0
0.0947148 6 2 3 0
0.0947149 7 2 3 0
0.094715 9 1 3 0
0.094715 12 2 3 0
0.0947151 13 3 3 0
0.0947152 14 3 3 0
0.09475 0 1 1 0
0.09475 0 2 1 0
0.09475 0 3 1 0
0.09475 0 1 1 0
0.09475 0 2 1 0
0.09475 0 1 1 0
0.09475 0 2 1 0
0.09475 0 1 1 0
0.09475 0 2 1 0
0.09475 0 1 1 0
0.09475 0 2 1 0
0.09475 0 3 1 0
0.09475 0 1 1 0
0.09475 0 1 1 0
0.095 0 11 1 0
0.095 0 12 1 0
0.095 0 13 1 0
0.095 0 14 1 0
0.0962144 0 2 3 0
0.0962145 0 1 3 0
0.0962146 0 1 3 0
0.0962147 0 1 3 0
0.0962148 0 2 3 0
0.0962149 0 2 3 0
0.096215 0 1 3 0
0.096215 0 2 3 0
0.0962151 0 3 3 0
0.0962152 0 3 3 0
0.0962679 0 1 1 0
0.0962679 0 2 1 0
0.0962679 0 3 1 0
0.0962679 0 2 1 0
0.0962679 0 1 1 0
0.0962679 0 2 1 0
0.0962679 0 1 1 0
0.0962679 0 1 1 0
0.0962679 0 2 1 0
0.0962679 0 1 1 0
0.0962679 0 3 1 0
0.0962679 0 2 1 0
0.0962679 0 1 1 0
0.0962679 0 1 1 0
0.0977144 1 14 3 0
0.0977145 8 13 3 0
0.0977146 10 11 3 0
0.0977147 11 12 3 0
0.0982143 0 14 1 0
0.0982143 0 13 1 0
0.0982143 0 11 1 0
0.0982143 0 12 1 0
0.0982144 0 14 3 0
0.0982145 0 13 3 0
0.0982146 0 11 3 0
0.0982147 0 12 3 0
0.0997144 1 1 3 0
0.0997145 8 1 3 0
0.0997146 10 2 3 0
0.0997147 11 1 3 0
0.1 0 1 1 0
0.1 0 2 1 0
0.1 0 3 1 0
0.1 0 4 1 0
0.1 0 5 1 0
0.1 0 6 1 0
0.1 0 7 1 0
0.1 0 8 1 0
0.1 0 9 1 0
0.1 0 10 1 0
0.101214 0 1 3 0
0.101215 0 1 3 0
0.101215 0 2 3 0
0.101215 0 1 3 0
0.102714 2 4 3 0
0.102715 3 8 3 0
0.102715 4 1 3 0
0.102715 5 7 3 0
0.102715 6 2 3 0
0.102715 7 9 3 0
0.102715 9 6 3 0
0.102715 12 5 3 0
0.102715 13 3 3 0
0.102715 14 10 3 0
0.103214 0 4 1 0
0.103214 0 8 1 0
0.103214 0 1 1 0
0.103214 0 7 1 0
0.103214 0 2 1 0
0.103214 0 9 1 0
0.103214 0 6 1 0
0.103214 0 5 1 0
0.103214 0 3 1 0
0.103214 0 10 1 0
0.103214 0 4 3 0
0.103215 0 8 3 0
0.103215 0 1 3 0
0.103215 0 7 3 0
0.103215 0 2 3 0
0.103215 0 9 3 0
0.103215 0 6 3 0
0.103215 0 5 3 0
0.103215 0 3 3 0
0.103215 0 10 3 0
0.104714 2 2 3 0
0.104715 3 1 3 0
0.104715 4 1 3 0
0.104715 5 1 3 0
0.104715 6 2 3 0
0.104715 7 2 3 0
0.104715 9 1 3 0
0.104715 12 2 3 0
0.104715 13 3 3 0
0.104715 14 3 3 0
0.10475 0 1 1 0
0.10475 0 2 1 0
0.10475 0 3 1 0
0.10475 0 1 1 0
0.10475 0 2 1 0
0.10475 0 1 1 0
0.10475 0 2 1 0
0.10475 0 1 1 0
0.10475 0 2 1 0
0.10475 0 1 1 0
0.10475 0 2 1 0
0.10475 0 3 1 0
0.10475 0 1 1 0
0.10475 0 1 1 0
0.105 0 11 1 0
0.105 0 12 1 0
0.105 0 13 1 0
0.105 0 14 1 0
0.106214 0 2 3 0
0.106215 0 1 3 0
0.106215 0 1 3 0
0.106215 0 1 3 0
0.106215 0 2 3 0
0.106215 0 2 3 0
0.106215 0 1 3 0
0.106215 0 2 3 0
0.106215 0 3 3 0
0.106215 0 3 3 0
0.106268 0 1 1 0
0.106268 0 2 1 0
0.106268 0 3 1 0
0.106268 0 2 1 0
0.106268 0 1 1 0
0.106268 0 2 1 0
0.106268 0 1 1 0
0.106268 0 1 1 0
0.106268 0 2 1 0
0.106268 0 1 1 0
0.106268 0 3 1 0
0.106268 0 2 1 0
0.106268 0 1 1 0
0.106268 0 1 1 0
0.107714 1 14 3 0
0.107715 8 13 3 0
0.107715 10 11 3 0
0.107715 11 12 3 0
0.108214 0 14 1 0
0.108214 0 13 1 0
0.108214 0 11 1 0
0.108214 0 12 1 0
0.108214 0 14 3 0
0.108215 0 13 3 0
0.108215 0 11 3 0
0.108215 0 12 3 0
0.109 0 3 1 0
0.109 2 3 3 0
0.109 0 2 1 0
0.109 3 2 3 0
0.109 0 3 1 0
0.109 4 3 3 0
0.109 0 2 1 0
0.109 5 2 3 0
0.109 0 4 1 0
0.109 9 4 3 0
0.109 0 3 1 0
0.109 12 3 3 0
0.109 0 4 1 0
0.109 10 4 3 0
0.109 0 3 1 0
0.109 6 3 3 0
0.109 0 5 1 0
0.109 13 5 3 0
0.109 0 4 1 0
0.109 7 4 3 0
0.109 0 6 1 0
0.109 14 6 3 0
0.109714 1 1 3 0
0.109715 8 1 3 0
0.109715 10 2 3 0
0.109715 11 1 3 0
0.11 0 1 1 0
0.11 0 2 1 0
0.11 0 3 1 0
0.11 0 4 1 0
0.11 0 5 1 0
0.11 0 6 1 0
0.11 0 7 1 0
0.11 0 8 1 0
0.11 0 9 1 0
0.11 0 10 1 0
0.1105 0 3 1 0
0.1105 0 3 3 0
0.1105 0 3 3 0
0.1105 0 2 1 0
0.1105 0 2 3 0
0.1105 0 2 3 0
0.1105 0 3 1 0
0.1105 0 3 3 0
0.1105 0 3 3 0
0.1105 0 2 1 0
0.1105 0 2 3 0
0.1105 0 2 3 0
0.1105 0 4 1 0
0.1105 0 4 3 0
0.1105 0 4 3 0
0.1105 0 3 1 0
0.1105 0 3 3 0
0.1105 0 3 3 0
0.1105 0 4 1 0
0.1105 0 4 3 0
0.1105 0 4 3 0
0.1105 0 3 1 0
0.1105 0 3 3 0
0.1105 0 3 3 0
0.1105 0 5 1 0
0.1105 0 5 3 0
0.1105 0 5 3 0
0.1105 0 4 1 0
0.1105 0 4 3 0
0.1105 0 4 3 0
0.1105 0 6 1 0
0.1105 0 6 3 0
0.1105 0 6 3 0
0.111214 0 1 3 0
0.111215 0 1 3 0
0.111215 0 1 3 0
0.112714 2 4 3 2620
0.112715 3 8 3 5240
0.112715 4 1 3 0
0.112715 5 7 3 3930
0.112715 6 2 3 1310
0.112715 7 9 3 1310
0.112715 9 6 3 3930
0.112715 12 5 3 5240
0.112715 13 3 3 2620
0.112715 14 10 3 2620
0.113214 0 4 1 0
0.113214 0 8 1 0
0.113214 0 1 1 0
0.113214 0 7 1 0
0.113214 0 2 1 0
0.113214 0 9 1 0
0.113214 0 6 1 0
0.113214 0 5 1 0
0.113214 0 3 1 0
0.113214 0 10 1 0
0.113214 0 4 3 0
0.113215 0 8 3 0
0.113215 0 1 3 0
0.113215 0 7 3 0
0.113215 0 2 3 0
0.113215 0 9 3 0
0.113215 0 6 3 0
0.113215 0 5 3 0
0.113215 0 3 3 0
0.113215 0 10 3 0
0.11475 0 1 1 0
0.11475 0 1 1 0
0.11475 0 1 1 0
0.115 0 11 1 0
0.115 0 12 1 0
0.115 0 13 1 0
0.115 0 14 1 0
0.116268 0 1 1 0
0.116268 0 1 1 0
0.116268 0 1 1 0
0.117714 1 14 3 10480
0.117715 8 13 3 7860
0.117715 10 11 3 6550
0.117715 11 12 3 10480
0.118214 0 14 1 0
0.118214 0 13 1 0
0.118214 0 11 1 0
0.118214 0 12 1 0
0.118214 0 14 3 0
0.118215 0 13 3 0
0.118215 0 11 3 0
0.118215 0 12 3 0
0.119 0 3 1 0
0.119 2 3 3 10462
0.119 0 2 1 0
0.119 3 2 3 3792
0.119 0 3 1 0
0.119 4 3 3 12962
0.119 0 2 1 0
0.119 5 2 3 7833
0.119 0 4 1 0
0.119 9 4 3 9143
0.119 0 3 1 0
0.119 12 3 3 6412
0.119 0 4 1 0
0.119 10 4 3 5467
0.119 0 3 1 0
0.119 6 3 3 7751
0.119 0 5 1 0
0.119 13 5 3 11727
0.119 0 4 1 0
0.119 7 4 3 7557
0.119 0 6 1 0
0.119 14 6 3 4933
0.119714 1 1 3 0
0.119715 8 1 3 7317
0.119715 11 1 3 10453
0.12 0 1 1 0
0.12 0 2 1 0
0.12 0 3 1 0
0.12 0 4 1 0
0.12 0 5 1 0
0.12 0 6 1 0
0.12 0 7 1 0
0.12 0 8 1 0
0.12 0 9 1 0
0.12 0 10 1 0
0.1205 0 3 1 0
0.1205 0 3 3 0
0.1205 0 3 3 0
0.1205 0 2 1 0
0.1205 0 2 3 0
0.1205 0 2 3 0
0.1205 0 3 1 0
0.1205 0 3 3 0
0.1205 0 3 3 0
0.1205 0 2 1 0
0.1205 0 2 3 0
0.1205 0 2 3 0
0.1205 0 4 1 0
0.1205 0 4 3 0
0.1205 0 4 3 0
0.1205 0 3 1 0
0.1205 0 3 3 0
0.1205 0 3 3 0
0.1205 0 4 1 0
0.1205 0 4 3 0
0.1205 0 4 3 0
0.1205 0 3 1 0
0.1205 0 3 3 0
0.1205 0 3 3 0
0.1205 0 5 1 0
0.1205 0 5 3 0
0.1205 0 5 3 0
0.1205 0 4 1 0
0.1205 0 4 3 0
0.1205 0 4 3 0
0.1205 0 6 1 0
0.1205 0 6 3 0
0.1205 0 6 3 0
0.121214 0 1 3 0
0.121215 0 1 3 0
0.121215 0 1 3 0
0.122714 2 4 3 13100
0.122715 3 8 3 12863
0.122715 4 1 3 6550
0.122715 5 7 3 8933
0.122715 6 2 3 14410
0.122715 7 9 3 5003
0.122715 9 6 3 9170
0.122715 12 5 3 6550
0.122715 13 3 3 14410
0.122715 14 10 3 5003
0.123214 0 4 1 0
0.123214 0 8 1 0
0.123214 0 1 1 0
0.123214 0 7 1 0
0.123214 0 2 1 0
0.123214 0 9 1 0
0.123214 0 6 1 0
0.123214 0 5 1 0
0.123214 0 3 1 0
0.123214 0 10 1 0
0.123214 0 4 3 0
0.123215 0 8 3 0
0.123215 0 1 3 0
0.123215 0 7 3 0
0.123215 0 2 3 0
0.123215 0 9 3 0
0.123215 0 6 3 0
0.123215 0 5 3 0
0.123215 0 3 3 0
0.123215 0 10 3 0
0.12475 0 1 1 0
0.12475 0 1 1 0
0.12475 0 1 1 0
0.125 0 11 1 0
0.125 0 12 1 0
0.125 0 13 1 0
0.125 0 14 1 0
0.126268 0 1 1 0
0.126268 0 1 1 0
0.126268 0 1 1 0
0.127714 1 14 3 14173
0.127715 8 13 3 10243
0.127715 10 11 3 8933
0.127715 11 12 3 10243
0.128214 0 14 1 0
0.128214 0 13 1 0
0.128214 0 11 1 0
0.128214 0 12 1 0
0.128214 0 14 3 0
0.128215 0 13 3 0
0.128215 0 11 3 0
0.128215 0 12 3 0
0.129 0 3 1 0
0.129 2 3 3 26182
0.129 0 2 1 0
0.129 3 2 3 15582
0.129 0 3 1 0
0.129 4 3 3 31302
0.129 0 2 1 0
0.129 5 2 3 20933
0.129 0 4 1 0
0.129 9 4 3 19623
0.129 0 3 1 0
0.129 12 3 3 23442
0.129 0 4 1 0
0.129 10 4 3 4148
0.129 0 3 1 0
0.129 6 3 3 22161
0.129 0 5 1 0
0.129 13 5 3 19587
0.129 0 4 1 0
0.129 7 4 3 20657
0.129 0 6 1 0
0.129 14 6 3 10289
0.129714 1 1 3 0
0.129715 8 1 3 10612
0.129715 11 1 3 24863
0.13 0 1 1 0
0.13 0 2 1 0
0.13 0 3 1 0
0.13 0 4 1 0
0.13 0 5 1 0
0.13 0 6 1 0
0.13 0 7 1 0
0.13 0 8 1 0
0.13 0 9 1 0
0.13 0 10 1 0
0.1305 0 3 1 0
0.1305 0 3 3 0
0.1305 0 3 3 0
0.1305 0 2 1 0
0.1305 0 2 3 0
0.1305 0 2 3 0
0.1305 0 3 1 0
0.1305 0 3 3 0
0.1305 0 3 3 0
0.1305 0 2 1 0
0.1305 0 2 3 0
0.1305 0 2 3 0
0.1305 0 4 1 0
0.1305 0 4 3 0
0.1305 0 4 3 0
0.1305 0 3 1 0
0.1305 0 3 3 0
0.1305 0 3 3 0
0.1305 0 4 1 0
0.1305 0 4 3 0
0.1305 0 4 3 0
0.1305 0 3 1 0
0.1305 0 3 3 0
0.1305 0 3 3 0
0.1305 0 5 1 0
0.1305 0 5 3 0
0.1305 0 5 3 0
0.1305 0 4 1 0
0.1305 0 4 3 0
0.1305 0 4 3 0
0.1305 0 6 1 0
0.1305 0 6 3 0
0.1305 0 6 3 0
0.131214 0 1 3 0
0.131215 0 1 3 0
0.131215 0 1 3 0
0.132714 2 4 3 14173
0.132715 3 8 3 22033
0.132715 4 1 3 7623
0.132715 5 7 3 8696
0.132715 6 2 3 12863
0.132715 7 9 3 20723
0.132715 9 6 3 18103
0.132715 12 5 3 8933
0.132715 13 3 3 18103
0.132715 14 10 3 18103
0.133214 0 4 1 0
0.133214 0 8 1 0
0.133214 0 1 1 0
0.133214 0 7 1 0
0.133214 0 2 1 0
0.133214 0 9 1 0
0.133214 0 6 1 0
0.133214 0 5 1 0
0.133214 0 3 1 0
0.133214 0 10 1 0
0.133214 0 4 3 0
0.133215 0 8 3 0
0.133215 0 1 3 0
0.133215 0 7 3 0
0.133215 0 2 3 0
0.133215 0 9 3 0
0.133215 0 6 3 0
0.133215 0 5 3 0
0.133215 0 3 3 0
0.133215 0 10 3 0
0.13475 0 1 1 0
0.13475 0 1 1 0
0.13475 0 1 1 0
0.135 0 11 1 0
0.135 0 12 1 0
0.135 0 13 1 0
0.135 0 14 1 0
0.136268 0 1 1 0
0.136268 0 1 1 0
0.136268 0 1 1 0
0.137714 1 14 3 25963
0.137715 8 13 3 23343
0.137715 10 11 3 12626
0.137715 11 12 3 13936
0.138214 0 14 1 0
0.138214 0 13 1 0
0.138214 0 11 1 0
0.138214 0 12 1 0
0.138214 0 14 3 0
0.138215 0 13 3 0
0.138215 0 11 3 0
0.138215 0 12 3 0
0.139 0 3 1 0
0.139 2 3 3 36662
0.139 0 2 1 0
0.139 3 2 3 33922
0.139 0 3 1 0
0.139 4 3 3 44402
0.139 0 2 1 0
0.139 5 2 3 34033
0.139 0 4 1 0
0.139 9 4 3 31413
0.139 0 3 1 0
0.139 12 3 3 33922
0.139 0 4 1 0
0.139 10 4 3 0
0.139 0 3 1 0
0.139 6 3 3 37881
0.139 0 5 1 0
0.139 13 5 3 32687
0.139 0 4 1 0
0.139 7 4 3 32447
0.139 0 6 1 0
0.139 14 6 3 10821
0.139714 1 1 3 0
0.139715 8 1 3 12554
0.139715 11 1 3 37963
0.14 0 1 1 0
0.14 0 2 1 0
0.14 0 3 1 0
0.14 0 4 1 0
0.14 0 5 1 0
0.14 0 6 1 0
0.14 0 7 1 0
0.14 0 8 1 0
0.14 0 9 1 0
0.14 0 10 1 0
0.1405 0 3 1 0
0.1405 0 3 3 0
0.1405 0 3 3 0
0.1405 0 2 1 0
0.1405 0 2 3 0
0.1405 0 2 3 0
0.1405 0 3 1 0
0.1405 0 3 3 0
0.1405 0 3 3 0
0.1405 0 2 1 0
0.1405 0 2 3 0
0.1405 0 2 3 0
0.1405 0 4 1 0
0.1405 0 4 3 0
0.1405 0 4 3 0
0.1405 0 3 1 0
0.1405 0 3 3 0
0.1405 0 3 3 0
0.1405 0 4 1 0
0.1405 0 4 3 0
0.1405 0 4 3 0
0.1405 0 3 1 0
0.1405 0 3 3 0
0.1405 0 3 3 0
0.1405 0 5 1 0
0.1405 0 5 3 0
0.1405 0 5 3 0
0.1405 0 4 1 0
0.1405 0 4 3 0
0.1405 0 4 3 0
0.1405 0 6 1 0
0.1405 0 6 3 0
0.1405 0 6 3 0
0.141214 0 1 3 0
0.141215 0 1 3 0
0.141215 0 1 3 0
0.142714 2 4 3 20486
0.142715 3 8 3 24416
0.142715 4 1 3 16793
0.142715 5 7 3 24416
0.142715 6 2 3 20486
0.142715 7 9 3 23106
0.142715 9 6 3 29893
0.142715 12 5 3 29893
0.142715 13 3 3 23106
0.142715 14 10 3 23106
0.143214 0 4 1 0
0.143214 0 8 1 0
0.143214 0 1 1 0
0.143214 0 7 1 0
0.143214 0 2 1 0
0.143214 0 9 1 0
0.143214 0 6 1 0
0.143214 0 5 1 0
0.143214 0 3 1 0
0.143214 0 10 1 0
0.143214 0 4 3 0
0.143215 0 8 3 0
0.143215 0 1 3 0
0.143215 0 7 3 0
0.143215 0 2 3 0
0.143215 0 9 3 0
0.143215 0 6 3 0
0.143215 0 5 3 0
0.143215 0 3 3 0
0.143215 0 10 3 0
0.14475 0 1 1 0
0.14475 0 1 1 0
0.14475 0 1 1 0
0.145 0 11 1 0
0.145 0 12 1 0
0.145 0 13 1 0
0.145 0 14 1 0
0.146268 0 1 1 0
0.146268 0 1 1 0
0.146268 0 1 1 0
0.147714 1 14 3 32276
0.147715 8 13 3 28346
0.147715 10 11 3 30966
0.147715 11 12 3 27036
0.148214 0 14 1 0
0.148214 0 13 1 0
0.148214 0 11 1 0
0.148214 0 12 1 0
0.148214 0 14 3 0
0.148215 0 13 3 0
0.148215 0 11 3 0
0.148215 0 12 3 0
0.149 0 3 1 0
0.149 2 3 3 48416
0.149 0 2 1 0
0.149 3 2 3 48139
0.149 0 3 1 0
0.149 4 3 3 61294
0.149 0 2 1 0
0.149 5 2 3 45630
0.149 0 4 1 0
0.149 9 4 3 43121
0.149 0 3 1 0
0.149 12 3 3 40279
0.149 0 4 1 0
0.149 10 4 3 0
0.149 0 3 1 0
0.149 6 3 3 46904
0.149 0 5 1 0
0.149 13 5 3 45751
0.149 0 4 1 0
0.149 7 4 3 49330
0.149 0 6 1 0
0.149 14 6 3 18843
0.149714 1 1 3 1310
0.149715 8 1 3 18443
0.149715 11 1 3 52070
0.15 0 1 1 0
0.15 0 2 1 0
0.15 0 3 1 0
0.15 0 4 1 0
0.15 0 5 1 0
0.15 0 6 1 0
0.15 0 7 1 0
0.15 0 8 1 0
0.15 0 9 1 0
0.15 0 10 1 0
0.1505 0 3 1 0
0.1505 0 3 3 0
0.1505 0 3 3 0
0.1505 0 2 1 0
0.1505 0 2 3 0
0.1505 0 2 3 0
0.1505 0 3 1 0
0.1505 0 3 3 0
0.1505 0 3 3 0
0.1505 0 2 1 0
0.1505 0 2 3 0
0.1505 0 2 3 0
0.1505 0 4 1 0
0.1505 0 4 3 0
0.1505 0 4 3 0
0.1505 0 3 1 0
0.1505 0 3 3 0
0.1505 0 3 3 0
0.1505 0 4 1 0
0.1505 0 4 3 0
0.1505 0 4 3 0
0.1505 0 3 1 0
0.1505 0 3 3 0
0.1505 0 3 3 0
0.1505 0 5 1 0
0.1505 0 5 3 0
0.1505 0 5 3 0
0.1505 0 4 1 0
0.1505 0 4 3 0
0.1505 0 4 3 0
0.1505 0 6 1 0
0.1505 0 6 3 0
0.1505 0 6 3 0
0.151214 0 1 3 0
0.151215 0 1 3 0
0.151215 0 1 3 0
0.152714 2 4 3 33586
0.152715 3 8 3 26799
0.152715 4 1 3 21796
0.152715 5 7 3 26799
0.152715 6 2 3 33586
0.152715 7 9 3 24179
0.152715 9 6 3 32276
0.152715 12 5 3 34896
0.152715 13 3 3 38826
0.152715 14 10 3 21559
0.153214 0 4 1 0
0.153214 0 8 1 0
0.153214 0 1 1 0
0.153214 0 7 1 0
0.153214 0 2 1 0
0.153214 0 9 1 0
0.153214 0 6 1 0
0.153214 0 5 1 0
0.153214 0 3 1 0
0.153214 0 10 1 0
0.153214 0 4 3 0
0.153215 0 8 3 0
0.153215 0 1 3 0
0.153215 0 7 3 0
0.153215 0 2 3 0
0.153215 0 9 3 0
0.153215 0 6 3 0
0.153215 0 5 3 0
0.153215 0 3 3 0
0.153215 0 10 3 0
0.15475 0 1 1 0
0.15475 0 1 1 0
0.15475 0 1 1 0
0.155 0 11 1 0
0.155 0 12 1 0
0.155 0 13 1 0
0.155 0 14 1 0
0.156268 0 1 1 0
0.156268 0 1 1 0
0.156268 0 1 1 0
0.157714 1 14 3 32039
0.157715 8 13 3 30729
0.157715 10 11 3 33349
0.157715 11 12 3 29419
0.158214 0 14 1 0
0.158214 0 13 1 0
0.158214 0 11 1 0
0.158214 0 12 1 0
0.158214 0 14 3 0
0.158215 0 13 3 0
0.158215 0 11 3 0
0.158215 0 12 3 0
0.159 0 3 1 0
0.159 2 3 3 61516
0.159 0 2 1 0
0.159 3 2 3 59929
0.159 0 3 1 0
0.159 4 3 3 73084
0.159 0 2 1 0
0.159 5 2 3 66590
0.159 0 4 1 0
0.159 9 4 3 57531
0.159 0 3 1 0
0.159 12 3 3 54689
0.159 0 4 1 0
0.159 10 4 3 56
0.159 0 3 1 0
0.159 6 3 3 62624
0.159 0 5 1 0
0.159 13 5 3 56231
0.159 0 4 1 0
0.159 7 4 3 65050
0.159 0 6 1 0
0.159 14 6 3 21007
0.159714 1 1 3 1310
0.159715 8 1 3 19020
0.159715 11 1 3 66480
0.16 0 1 1 0
0.16 0 2 1 0
0.16 0 3 1 0
0.16 0 4 1 0
0.16 0 5 1 0
0.16 0 6 1 0
0.16 0 7 1 0
0.16 0 8 1 0
0.16 0 9 1 0
0.16 0 10 1 0
0.1605 0 3 1 0
0.1605 0 3 3 0
0.1605 0 3 3 0
0.1605 0 2 1 0
0.1605 0 2 3 0
0.1605 0 2 3 0
0.1605 0 3 1 0
0.1605 0 3 3 0
0.1605 0 3 3 0
0.1605 0 2 1 0
0.1605 0 2 3 0
0.1605 0 2 3 0
0.1605 0 4 1 0
0.1605 0 4 3 0
0.1605 0 4 3 0
0.1605 0 3 1 0
0.1605 0 3 3 0
0.1605 0 3 3 0
0.1605 0 4 1 0
0.1605 0 4 3 0
0.1605 0 4 3 0
0.1605 0 3 1 0
0.1605 0 3 3 0
0.1605 0 3 3 0
0.1605 0 5 1 0
0.1605 0 5 3 0
0.1605 0 5 3 0
0.1605 0 4 1 0
0.1605 0 4 3 0
0.1605 0 4 3 0
0.1605 0 6 1 0
0.1605 0 6 3 0
0.1605 0 6 3 0
0.161214 0 1 3 0
0.161215 0 1 3 0
0.161215 0 1 3 0
0.162714 2 4 3 38589
0.162715 3 8 3 34422
0.162715 4 1 3 24179
0.162715 5 7 3 27872
0.162715 6 2 3 37279
0.162715 7 9 3 23942
0.162715 9 6 3 33349
0.162715 12 5 3 41209
0.162715 13 3 3 45139
0.162715 14 10 3 30729
0.163214 0 4 1 0
0.163214 0 8 1 0
0.163214 0 1 1 0
0.163214 0 7 1 0
0.163214 0 2 1 0
0.163214 0 9 1 0
0.163214 0 6 1 0
0.163214 0 5 1 0
0.163214 0 3 1 0
0.163214 0 10 1 0
0.163214 0 4 3 0
0.163215 0 8 3 0
0.163215 0 1 3 0
0.163215 0 7 3 0
0.163215 0 2 3 0
0.163215 0 9 3 0
0.163215 0 6 3 0
0.163215 0 5 3 0
0.163215 0 3 3 0
0.163215 0 10 3 0
0.16475 0 1 1 0
0.16475 0 1 1 0
0.16475 0 1 1 0
0.165 0 11 1 0
0.165 0 12 1 0
0.165 0 13 1 0
0.165 0 14 1 0
0.166268 0 1 1 0
0.166268 0 1 1 0
0.166268 0 1 1 0
0.167714 1 14 3 37042
0.167715 8 13 3 31802
0.167715 10 11 3 31802
0.167715 11 12 3 37042
0.168214 0 14 1 0
0.168214 0 13 1 0
0.168214 0 11 1 0
0.168214 0 12 1 0
0.168214 0 14 3 0
0.168215 0 13 3 0
0.168215 0 11 3 0
0.168215 0 12 3 0
0.169 0 3 1 0
0.169 2 3 3 75880
0.169 0 2 1 0
0.169 3 2 3 70409
0.169 0 3 1 0
0.169 4 3 3 87356
0.169 0 2 1 0
0.169 5 2 3 77070
0.169 0 4 1 0
0.169 9 4 3 77181
0.169 0 3 1 0
0.169 12 3 3 62549
0.169 0 4 1 0
0.169 10 4 3 2244
0.169 0 3 1 0
0.169 6 3 3 71794
0.169 0 5 1 0
0.169 13 5 3 65329
0.169 0 4 1 0
0.169 7 4 3 78150
0.169 0 6 1 0
0.169 14 6 3 31425
0.169714 1 1 3 1310
0.169715 8 1 3 16304
0.169715 11 1 3 76657
0.17 0 1 1 0
0.17 0 2 1 0
0.17 0 3 1 0
0.17 0 4 1 0
0.17 0 5 1 0
0.17 0 6 1 0
0.17 0 7 1 0
0.17 0 8 1 0
0.17 0 9 1 0
0.17 0 10 1 0
0.1705 0 3 1 0
0.1705 0 3 3 0
0.1705 0 3 3 0
0.1705 0 2 1 0
0.1705 0 2 3 0
0.1705 0 2 3 0
0.1705 0 3 1 0
0.1705 0 3 3 0
0.1705 0 3 3 0
0.1705 0 2 1 0
0.1705 0 2 3 0
0.1705 0 2 3 0
0.1705 0 4 1 0
0.1705 0 4 3 0
0.1705 0 4 3 0
0.1705 0 3 1 0
0.1705 0 3 3 0
0.1705 0 3 3 0
0.1705 0 4 1 0
0.1705 0 4 3 0
0.1705 0 4 3 0
0.1705 0 3 1 0
0.1705 0 3 3 0
0.1705 0 3 3 0
0.1705 0 5 1 0
0.1705 0 5 3 0
0.1705 0 5 3 0
0.1705 0 4 1 0
0.1705 0 4 3 0
0.1705 0 4 3 0
0.1705 0 6 1 0
0.1705 0 6 3 0
0.1705 0 6 3 0
0.171214 0 1 3 0
0.171215 0 1 3 0
0.171215 0 1 3 0
0.172714 2 4 3 38352
0.172715 3 8 3 47522
0.172715 4 1 3 29182
0.172715 5 7 3 37042
0.172715 6 2 3 43592
0.172715 7 9 3 42282
0.172715 9 6 3 43829
0.172715 12 5 3 48832
0.172715 13 3 3 50142
0.172715 14 10 3 31802
0.173214 0 4 1 0
0.173214 0 8 1 0
0.173214 0 1 1 0
0.173214 0 7 1 0
0.173214 0 2 1 0
0.173214 0 9 1 0
0.173214 0 6 1 0
0.173214 0 5 1 0
0.173214 0 3 1 0
0.173214 0 10 1 0
0.173214 0 4 3 0
0.173215 0 8 3 0
0.173215 0 1 3 0
0.173215 0 7 3 0
0.173215 0 2 3 0
0.173215 0 9 3 0
0.173215 0 6 3 0
0.173215 0 5 3 0
0.173215 0 3 3 0
0.173215 0 10 3 0
0.17475 0 1 1 0
0.17475 0 1 1 0
0.17475 0 1 1 0
0.175 0 11 1 0
0.175 0 12 1 0
0.175 0 13 1 0
0.175 0 14 1 0
0.176268 0 1 1 0
0.176268 0 1 1 0
0.176268 0 1 1 0
0.177714 1 14 3 47522
0.177715 8 13 3 43592
0.177715 10 11 3 47522
0.177715 11 12 3 50142
0.178214 0 14 1 0
0.178214 0 13 1 0
0.178214 0 11 1 0
0.178214 0 12 1 0
0.178214 0 14 3 0
0.178215 0 13 3 0
0.178215 0 11 3 0
0.178215 0 12 3 0
0.179 0 3 1 0
0.179 2 3 3 96840
0.179 0 2 1 0
0.179 3 2 3 81896
0.179 0 3 1 0
0.179 4 3 3 96526
0.179 0 2 1 0
0.179 5 2 3 91370
0.179 0 4 1 0
0.179 9 4 3 90263
0.179 0 3 1 0
0.179 12 3 3 74238
0.179 0 4 1 0
0.179 10 4 3 0
0.179 0 3 1 0
0.179 6 3 3 87262
0.179 0 5 1 0
0.179 13 5 3 81049
0.179 0 4 1 0
0.179 7 4 3 89683
0.179 0 6 1 0
0.179 14 6 3 44494
0.179714 1 1 3 1310
0.179715 8 1 3 12475
0.179715 11 1 3 88447
0.18 0 1 1 0
0.18 0 2 1 0
0.18 0 3 1 0
0.18 0 4 1 0
0.18 0 5 1 0
0.18 0 6 1 0
0.18 0 7 1 0
0.18 0 8 1 0
0.18 0 9 1 0
0.18 0 10 1 0
0.1805 0 3 1 0
0.1805 0 3 3 0
0.1805 0 3 3 0
0.1805 0 2 1 0
0.1805 0 2 3 0
0.1805 0 2 3 0
0.1805 0 3 1 0
0.1805 0 3 3 0
0.1805 0 3 3 0
0.1805 0 2 1 0
0.1805 0 2 3 0
0.1805 0 2 3 0
0.1805 0 4 1 0
0.1805 0 4 3 0
0.1805 0 4 3 0
0.1805 0 3 1 0
0.1805 0 3 3 0
0.1805 0 3 3 0
0.1805 0 4 1 0
0.1805 0 4 3 0
0.1805 0 4 3 0
0.1805 0 3 1 0
0.1805 0 3 3 0
0.1805 0 3 3 0
0.1805 0 5 1 0
0.1805 0 5 3 0
0.1805 0 5 3 0
0.1805 0 4 1 0
0.1805 0 4 3 0
0.1805 0 4 3 0
0.1805 0 6 1 0
0.1805 0 6 3 0
0.1805 0 6 3 0
0.181214 0 1 3 0
0.181215 0 1 3 0
0.181215 0 1 3 0
0.182714 2 4 3 44902
0.182715 3 8 3 55145
0.182715 4 1 3 47522
0.182715 5 7 3 47285
0.182715 6 2 3 42045
0.182715 7 9 3 43355
0.182715 9 6 3 47522
0.182715 12 5 3 60622
0.182715 13 3 3 60622
0.182715 14 10 3 38115
0.183214 0 4 1 0
0.183214 0 8 1 0
0.183214 0 1 1 0
0.183214 0 7 1 0
0.183214 0 2 1 0
0.183214 0 9 1 0
0.183214 0 6 1 0
0.183214 0 5 1 0
0.183214 0 3 1 0
0.183214 0 10 1 0
0.183214 0 4 3 0
0.183215 0 8 3 0
0.183215 0 1 3 0
0.183215 0 7 3 0
0.183215 0 2 3 0
0.183215 0 9 3 0
0.183215 0 6 3 0
0.183215 0 5 3 0
0.183215 0 3 3 0
0.183215 0 10 3 0
0.18475 0 1 1 0
0.18475 0 1 1 0
0.18475 0 1 1 0
0.185 0 11 1 0
0.185 0 12 1 0
0.185 0 13 1 0
0.185 0 14 1 0
0.186268 0 1 1 0
0.186268 0 1 1 0
0.186268 0 1 1 0
0.187714 1 14 3 51215
0.187715 8 13 3 48595
0.187715 10 11 3 59075
0.187715 11 12 3 55145
0.188214 0 14 1 0
0.188214 0 13 1 0
0.188214 0 11 1 0
0.188214 0 12 1 0
0.188214 0 14 3 0
0.188215 0 13 3 0
0.188215 0 11 3 0
0.188215 0 12 3 0
0.189 0 3 1 0
0.189 2 3 3 107320
0.189 0 2 1 0
0.189 3 2 3 93686
0.189 0 3 1 0
0.189 4 3 3 104386
0.189 0 2 1 0
0.189 5 2 3 100540
0.189 0 4 1 0
0.189 9 4 3 103363
0.189 0 3 1 0
0.189 12 3 3 88648
0.189 0 4 1 0
0.189 10 4 3 0
0.189 0 3 1 0
0.189 6 3 3 104292
0.189 0 5 1 0
0.189 13 5 3 92839
0.189 0 4 1 0
0.189 7 4 3 102783
0.189 0 6 1 0
0.189 14 6 3 54974
0.189714 1 1 3 0
0.189715 8 1 3 4001
0.189715 11 1 3 98927
0.19 0 1 1 0
0.19 0 2 1 0
0.19 0 3 1 0
0.19 0 4 1 0
0.19 0 5 1 0
0.19 0 6 1 0
0.19 0 7 1 0
0.19 0 8 1 0
0.19 0 9 1 0
0.19 0 10 1 0
0.1905 0 3 1 0
0.1905 0 3 3 0
0.1905 0 3 3 0
0.1905 0 2 1 0
0.1905 0 2 3 0
0.1905 0 2 3 0
0.1905 0 3 1 0
0.1905 0 3 3 0
0.1905 0 3 3 0
0.1905 0 2 1 0
0.1905 0 2 3 0
0.1905 0 2 3 0
0.1905 0 4 1 0
0.1905 0 4 3 0
0.1905 0 4 3 0
0.1905 0 3 1 0
0.1905 0 3 3 0
0.1905 0 3 3 0
0.1905 0 4 1 0
0.1905 0 4 3 0
0.1905 0 4 3 0
0.1905 0 3 1 0
0.1905 0 3 3 0
0.1905 0 3 3 0
0.1905 0 5 1 0
0.1905 0 5 3 0
0.1905 0 5 3 0
0.1905 0 4 1 0
0.1905 0 4 3 0
0.1905 0 4 3 0
0.1905 0 6 1 0
0.1905 0 6 3 0
0.1905 0 6 3 0
0.191214 0 1 3 0
0.191215 0 1 3 0
0.191215 0 1 3 0
0.192714 2 4 3 51215
0.192715 3 8 3 56219
0.192715 4 1 3 53835
0.192715 5 7 3 49669
0.192715 6 2 3 55145
0.192715 7 9 3 49669
0.192715 9 6 3 53835
0.192715 12 5 3 61695
0.192715 13 3 3 66935
0.192715 14 10 3 43119
0.193214 0 4 1 0
0.193214 0 8 1 0
0.193214 0 1 1 0
0.193214 0 7 1 0
0.193214 0 2 1 0
0.193214 0 9 1 0
0.193214 0 6 1 0
0.193214 0 5 1 0
0.193214 0 3 1 0
0.193214 0 10 1 0
0.193214 0 4 3 0
0.193215 0 8 3 0
0.193215 0 1 3 0
0.193215 0 7 3 0
0.193215 0 2 3 0
0.193215 0 9 3 0
0.193215 0 6 3 0
0.193215 0 5 3 0
0.193215 0 3 3 0
0.193215 0 10 3 0
0.19475 0 1 1 0
0.19475 0 1 1 0
0.19475 0 1 1 0
0.195 0 11 1 0
0.195 0 12 1 0
0.195 0 13 1 0
0.195 0 14 1 0
0.196268 0 1 1 0
0.196268 0 1 1 0
0.196268 0 1 1 0
0.197714 1 14 3 52289
0.197715 8 13 3 50979
0.197715 10 11 3 58839
0.197715 11 12 3 65389
0.198214 0 14 1 0
0.198214 0 13 1 0
0.198214 0 11 1 0
0.198214 0 12 1 0
0.198214 0 14 3 0
0.198215 0 13 3 0
0.198215 0 11 3 0
0.198215 0 12 3 0
0.199 0 3 1 0
0.199 2 3 3 118835
0.199 0 2 1 0
0.199 3 2 3 109406
0.199 0 3 1 0
0.199 4 3 3 119968
0.199 0 2 1 0
0.199 5 2 3 117570
0.199 0 4 1 0
0.199 9 4 3 113743
0.199 0 3 1 0
0.199 12 3 3 106988
0.199 0 4 1 0
0.199 10 4 3 0
0.199 0 3 1 0
0.199 6 3 3 118702
0.199 0 5 1 0
0.199 13 5 3 105838
0.199 0 4 1 0
0.199 7 4 3 111751
0.199 0 6 1 0
0.199 14 6 3 62834
0.199714 1 1 3 1310
0.199715 8 1 3 6227
0.199715 11 1 3 106383
0.2 0 1 1 0
0.2 0 2 1 0
0.2 0 3 1 0
0.2 0 4 1 0
0.2 0 5 1 0
0.2 0 6 1 0
0.2 0 7 1 0
0.2 0 8 1 0
0.2 0 9 1 0
0.2 0 10 1 0
0.2005 0 3 1 0
0.2005 0 3 3 0
0.2005 0 3 3 0
0.2005 0 2 1 0
0.2005 0 2 3 0
0.2005 0 2 3 0
0.2005 0 3 1 0
0.2005 0 3 3 0
0.2005 0 3 3 0
0.2005 0 2 1 0
0.2005 0 2 3 0
0.2005 0 2 3 0
0.2005 0 4 1 0
0.2005 0 4 3 0
0.2005 0 4 3 0
0.2005 0 3 1 0
0.2005 0 3 3 0
0.2005 0 3 3 0
0.2005 0 4 1 0
0.2005 0 4 3 0
0.2005 0 4 3 0
0.2005 0 3 1 0
0.2005 0 3 3 0
0.2005 0 3 3 0
0.2005 0 5 1 0
0.2005 0 5 3 0
0.2005 0 5 3 0
0.2005 0 4 1 0
0.2005 0 4 3 0
0.2005 0 4 3 0
0.2005 0 6 1 0
0.2005 0 6 3 0
0.2005 0 6 3 0
0.201214 0 1 3 0
0.201215 0 1 3 0
0.201215 0 1 3 0
0.202714 2 4 3 60149
0.202715 3 8 3 64079
0.202715 4 1 3 56219
0.202715 5 7 3 52052
0.202715 6 2 3 58839
0.202715 7 9 3 62769
0.202715 9 6 3 61459
0.202715 12 5 3 62769
0.202715 13 3 3 69319
0.202715 14 10 3 60149
0.203214 0 4 1 0
0.203214 0 8 1 0
0.203214 0 1 1 0
0.203214 0 7 1 0
0.203214 0 2 1 0
0.203214 0 9 1 0
0.203214 0 6 1 0
0.203214 0 5 1 0
0.203214 0 3 1 0
0.203214 0 10 1 0
0.203214 0 4 3 0
0.203215 0 8 3 0
0.203215 0 1 3 0
0.203215 0 7 3 0
0.203215 0 2 3 0
0.203215 0 9 3 0
0.203215 0 6 3 0
0.203215 0 5 3 0
0.203215 0 3 3 0
0.203215 0 10 3 0
0.20475 0 1 1 0
0.20475 0 1 1 0
0.20475 0 1 1 0
