DL/UL	time	frame	subF	slot	1stSym	symbol#	cellId	rnti	ccId	tbSize	mcs	rv	SINR(dB)	corrupt	TBler
DL	0.112875	11	2	3	1	6	4	1	0	52	0	0	7.38153	0	0
DL	0.112875	11	2	3	1	6	5	4	0	52	0	0	13.9271	0	0
DL	0.112982	11	2	3	1	12	7	4	0	107	0	0	-9.21359	1	1
DL	0.112982	11	2	3	7	6	4	3	0	52	0	0	-5.32354	1	1
DL	0.112982	11	2	3	7	6	5	6	0	52	0	0	7.60041	0	0
DL	0.113125	11	3	0	1	6	4	1	0	52	0	0	7.37188	0	0
DL	0.113125	11	3	0	1	6	5	4	0	52	0	0	13.8393	0	0
DL	0.113232	11	3	0	1	12	7	4	0	107	0	0	-9.2622	1	1
DL	0.113232	11	3	0	7	6	4	3	0	52	0	0	-5.24425	1	1
DL	0.113232	11	3	0	7	6	5	6	0	52	0	0	7.68007	0	0
DL	0.113339	11	3	1	1	4	5	4	0	33	0	0	13.7927	0	0
DL	0.113375	11	3	1	1	6	4	1	0	52	0	0	7.39516	0	0
DL	0.113411	11	3	1	5	4	5	5	0	33	0	0	-12.9972	1	1
DL	0.113482	11	3	1	1	12	7	4	0	107	0	0	-9.37756	1	1
DL	0.113482	11	3	1	7	6	4	3	0	52	0	0	-5.04684	1	1
DL	0.113482	11	3	1	9	4	5	6	0	33	0	0	8.24093	0	0
DL	0.113589	11	3	2	1	4	5	4	0	292	13	0	16.399	0	0
DL	0.113661	11	3	2	5	4	5	5	0	33	0	0	-12.3419	1	1
DL	0.113732	11	3	2	1	12	4	1	0	403	6	0	7.39982	0	0
DL	0.113732	11	3	2	9	4	5	6	0	132	6	0	8.04942	0	0
DL	0.113804	11	3	3	1	2	5	4	0	144	13	0	13.7121	0	0.026
DL	0.113839	11	3	3	3	2	5	5	0	15	0	0	-12.4352	1	1
DL	0.113875	11	3	3	1	6	4	3	0	52	0	1	-14.7406	1	1
DL	0.113875	11	3	3	5	2	5	6	0	64	6	0	8.12224	0	0
DL	0.113911	11	3	3	7	2	5	3	0	15	0	0	-0.968902	1	0.927158
UL	0.113946	11	3	3	9	2	5	4	0	15	0	0	15.3746 	0	0
DL	0.113982	11	3	3	1	12	3	1	0	107	0	0	19.1974	0	0
DL	0.113982	11	3	3	1	12	7	4	0	107	0	1	-5.63975	1	1
DL	0.113982	11	3	3	7	6	4	3	0	52	0	2	-14.7295	1	1
UL	0.113982	11	3	3	11	2	5	6	0	15	0	0	6.16459 	0	0
DL	0.114071	11	4	0	1	3	5	4	0	218	13	0	13.949	0	0.0128
DL	0.114107	11	4	0	4	2	5	6	0	64	6	0	8.17079	0	0
DL	0.114125	11	4	0	1	6	4	3	0	52	0	1	-14.8399	1	1
DL	0.114143	11	4	0	6	2	5	3	0	15	0	0	-0.601756	1	0.927158
UL	0.114196	11	4	0	8	3	5	4	0	24	0	0	15.4556 	0	0
DL	0.114232	11	4	0	1	12	3	1	0	107	0	0	19.229	0	0
DL	0.114232	11	4	0	1	12	7	4	0	107	0	1	-5.08949	1	1
DL	0.114232	11	4	0	7	6	4	3	0	52	0	2	-14.903	1	1
UL	0.114232	11	4	0	11	2	5	6	0	15	0	0	6.26339 	0	0
DL	0.114339	11	4	1	1	4	5	5	0	33	0	1	-19.2178	1	1
DL	0.114375	11	4	1	1	6	4	3	0	52	0	1	-14.8792	1	1
DL	0.114411	11	4	1	5	4	5	5	0	33	0	2	-19.1846	1	1
DL	0.114429	11	4	1	9	1	5	6	0	30	6	0	8.23254	0	0.0006
DL	0.114446	11	4	1	10	1	5	3	0	6	0	0	-0.461587	0	0.299702
DL	0.114464	11	4	1	11	1	5	4	0	89	15	0	17.1955	0	0.285795
DL	0.114482	11	4	1	1	12	3	1	0	107	0	0	19.3002	0	0
DL	0.114482	11	4	1	1	12	7	4	0	107	0	1	-8.21516	1	1
DL	0.114482	11	4	1	7	6	4	3	0	52	0	2	-14.8689	1	1
UL	0.114482	11	4	1	12	1	5	6	0	6	0	0	6.23605 	0	0
DL	0.114589	11	4	2	1	4	7	1	0	33	0	0	-1.29736	1	0.990385
DL	0.114589	11	4	2	1	4	5	5	0	33	0	1	-19.074	1	1
DL	0.114625	11	4	2	1	6	4	3	0	52	0	3	-14.8245	1	1
DL	0.114661	11	4	2	5	4	7	2	0	33	0	0	-32.9938	1	1
DL	0.114661	11	4	2	5	4	5	5	0	33	0	2	-19.0833	1	1
DL	0.114661	11	4	2	7	2	4	4	0	15	0	0	-1.05353	1	0.927158
DL	0.114679	11	4	2	1	9	3	1	0	1140	20	0	19.2186	0	0.315454
DL	0.114696	11	4	2	9	2	5	5	0	15	0	1	-16.0847	1	1
DL	0.114696	11	4	2	9	2	4	1	0	64	6	0	7.45131	0	0
DL	0.114732	11	4	2	9	4	7	3	0	33	0	0	1.80811	0	0
UL	0.114732	11	4	2	11	2	4	1	0	15	0	0	12.9587 	0	0
DL	0.114732	11	4	2	11	2	5	5	0	15	0	2	-13.1363	1	1
DL	0.114804	11	4	3	1	2	5	3	0	15	0	1	-11.529	1	0.927158
DL	0.114839	11	4	3	3	2	5	3	0	15	0	2	-11.4792	1	0.271552
DL	0.114875	11	4	3	1	6	4	3	0	52	0	3	-14.5802	1	1
DL	0.114893	11	4	3	5	3	5	4	0	218	13	0	16.8736	0	0
DL	0.114911	11	4	3	7	2	4	4	0	15	0	0	-1.89926	1	1
DL	0.114929	11	4	3	8	2	5	6	0	64	6	0	8.09767	0	0.0012
DL	0.114946	11	4	3	9	2	4	1	0	64	6	0	9.30745	0	0
DL	0.114964	11	4	3	1	11	3	1	0	1394	20	0	19.9122	0	0
UL	0.114964	11	4	3	10	2	5	4	0	15	0	0	14.7387 	0	0
DL	0.114982	11	4	3	1	12	7	4	0	107	0	2	-3.4584	0	0.700137
UL	0.114982	11	4	3	11	2	4	1	0	15	0	0	12.3345 	0	0
UL	0.114982	11	4	3	12	1	5	6	0	80	14	0	4.84613 	1	1
DL	0.115089	11	5	0	1	4	5	5	0	33	0	3	-14.3906	1	1
UL	0.115107	11	5	0	1	5	3	1	0	43	0	0	23.9264 	0	0
DL	0.115125	11	5	0	1	6	4	3	0	52	0	3	-14.4713	1	1
DL	0.115125	11	5	0	5	2	5	3	0	15	0	1	-0.389619	0	0
DL	0.115161	11	5	0	7	2	4	4	0	15	0	0	-3.03128	1	1
DL	0.115161	11	5	0	7	2	5	3	0	15	0	2	-0.887738	1	0.927158
DL	0.115196	11	5	0	9	2	4	1	0	64	6	0	7.3022	0	0.0012
DL	0.115196	11	5	0	9	2	5	6	0	64	6	0	7.81933	0	0.0012
DL	0.115214	11	5	0	11	1	5	4	0	89	15	0	16.8794	0	0.285795
DL	0.115232	11	5	0	1	12	7	4	0	107	0	2	-5.57328	1	0.999039
UL	0.115232	11	5	0	11	2	4	1	0	15	0	0	12.5452 	0	0
UL	0.115232	11	5	0	12	1	5	4	0	6	0	0	13.9074 	0	0
DL	0.115339	11	5	1	1	4	5	5	0	33	0	3	-19.4455	1	1
UL	0.115357	11	5	1	1	5	3	1	0	43	0	0	23.7272 	0	0
DL	0.115375	11	5	1	1	6	8	2	0	52	0	0	-26.4945	1	1
DL	0.115393	11	5	1	5	3	5	4	0	274	15	0	16.3342	1	0.259536
DL	0.115429	11	5	1	8	2	5	6	0	64	6	0	8.30225	0	0
DL	0.115482	11	5	1	1	12	7	4	0	107	0	2	-5.94251	1	1
DL	0.115482	11	5	1	1	12	4	1	0	403	6	0	7.1349	0	0
DL	0.115482	11	5	1	7	6	8	3	0	52	0	0	-2.91562	1	1
UL	0.115482	11	5	1	10	3	5	4	0	24	0	0	15.1215 	0	0
DL	0.115554	11	5	2	1	2	4	4	0	15	0	1	-27.4126	1	0.927158
DL	0.115554	11	5	2	1	2	5	5	0	15	0	3	-19.5678	1	1
DL	0.115589	11	5	2	1	4	7	2	0	33	0	1	-33.1952	1	1
DL	0.115589	11	5	2	3	2	4	4	0	15	0	2	-27.3638	1	0.927158
DL	0.115589	11	5	2	3	2	5	3	0	15	0	3	-0.957536	0	0
UL	0.115607	11	5	2	1	5	3	1	0	43	0	0	23.8119 	0	0
DL	0.115625	11	5	2	1	6	8	2	0	52	0	0	-26.3966	1	1
DL	0.115661	11	5	2	5	4	7	2	0	33	0	2	-33.3121	1	1
DL	0.115661	11	5	2	5	4	5	6	0	132	6	0	0.772687	1	1
DL	0.115714	11	5	2	9	3	5	4	0	274	15	0	13.8182	1	1
DL	0.115732	11	5	2	5	8	4	1	0	360	8	0	7.10517	1	0.989423
DL	0.115732	11	5	2	7	6	8	3	0	52	0	0	-3.07993	1	1
DL	0.115732	11	5	2	9	4	7	3	0	33	0	0	2.88748	0	0
UL	0.115732	11	5	2	12	1	5	6	0	80	14	1	6.14774 	0	0
DL	0.115804	11	5	3	1	2	4	4	0	15	0	1	-27.7256	1	1
DL	0.115839	11	5	3	3	2	4	4	0	15	0	2	-27.7128	1	1
DL	0.115875	11	5	3	1	6	8	2	0	52	0	0	-28.6784	1	1
DL	0.115875	11	5	3	1	6	5	4	0	551	15	0	12.3807	1	1
DL	0.115893	11	5	3	1	7	7	3	0	61	0	0	-5.89488	1	1
DL	0.115964	11	5	3	1	11	3	1	0	1394	20	0	18.9613	0	0.0167294
DL	0.115982	11	5	3	5	8	4	1	0	268	6	0	7.56657	0	0
DL	0.115982	11	5	3	7	6	8	3	0	52	0	0	-3.29538	1	1
DL	0.115982	11	5	3	7	6	5	6	0	200	6	0	8.25687	0	0
UL	0.115982	11	5	3	8	5	7	3	0	43	0	0	2.62238 	0	0
DL	0.116054	11	6	0	1	2	4	4	0	15	0	1	-27.5528	1	1
DL	0.116089	11	6	0	1	4	5	4	0	292	13	0	12.3933	1	0.978846
DL	0.116089	11	6	0	3	2	4	4	0	15	0	2	-27.5056	1	1
DL	0.116125	11	6	0	1	6	8	2	0	52	0	1	-26.5002	1	1
DL	0.116161	11	6	0	5	4	5	6	0	132	6	0	7.73404	0	0
DL	0.116232	11	6	0	1	12	7	4	0	107	0	3	-5.08772	0	0
DL	0.116232	11	6	0	5	8	4	1	0	268	6	0	7.80129	0	0
DL	0.116232	11	6	0	7	6	8	2	0	52	0	2	-25.6756	1	1
UL	0.116232	11	6	0	9	4	5	3	0	33	0	0	0.233616 	1	0.522303
DL	0.116304	11	6	1	1	2	4	4	0	15	0	3	-27.7318	1	0.927158
DL	0.116321	11	6	1	1	3	5	4	0	274	15	1	12.2663	0	0
DL	0.116375	11	6	1	1	6	8	2	0	52	0	1	-28.6922	1	1
DL	0.116375	11	6	1	4	3	5	4	0	274	15	2	12.3179	1	1
DL	0.116464	11	6	1	1	11	3	1	0	1394	20	0	18.7467	0	0.0167294
DL	0.116482	11	6	1	1	12	7	4	0	107	0	3	-8.86634	1	1
DL	0.116482	11	6	1	3	10	4	1	0	335	6	0	7.33683	0	0
DL	0.116482	11	6	1	7	6	8	2	0	52	0	2	-28.3522	1	1
DL	0.116482	11	6	1	7	6	5	4	0	440	13	0	12.3422	1	0.997115
DL	0.116554	11	6	2	1	2	4	4	0	15	0	3	-27.4365	1	1
DL	0.116571	11	6	2	1	3	5	4	0	274	15	1	12.2469	0	0
DL	0.116589	11	6	2	1	4	7	2	0	33	0	3	-33.3504	1	1
DL	0.116625	11	6	2	1	6	8	2	0	52	0	1	-26.46	1	1
DL	0.116625	11	6	2	4	3	5	4	0	274	15	2	13.9245	1	1
UL	0.116679	11	6	2	5	5	7	4	0	43	0	0	3.34333 	0	0
DL	0.116696	11	6	2	3	8	4	1	0	360	8	1	7.39891	0	0
DL	0.116732	11	6	2	7	6	8	2	0	52	0	2	-23.0096	1	1
DL	0.116732	11	6	2	7	6	5	4	0	551	15	1	14.6416	0	0
DL	0.116839	11	6	3	1	4	5	4	0	292	13	1	11.9975	0	0
DL	0.116875	11	6	3	1	6	8	3	0	52	0	1	-11.2723	1	1
DL	0.116893	11	6	3	1	7	7	3	0	61	0	1	-4.27033	1	1
DL	0.116911	11	6	3	1	8	4	1	0	360	8	2	6.78276	1	1
DL	0.116911	11	6	3	5	4	5	4	0	292	13	2	12.7937	1	0.855
DL	0.116946	11	6	3	9	2	4	4	0	15	0	3	-0.669208	0	0
DL	0.116982	11	6	3	7	6	8	3	0	52	0	2	-6.51223	0	0.791149
UL	0.116982	11	6	3	9	4	5	3	0	33	0	1	0.276754 	0	0
DL	0.117125	11	7	0	1	6	8	2	0	52	0	3	-26.5519	1	1
DL	0.117125	11	7	0	1	6	5	4	0	269	8	0	11.9432	0	0
DL	0.117143	11	7	0	1	7	7	3	0	61	0	2	-4.19685	1	0.791149
DL	0.117232	11	7	0	1	12	4	1	0	403	6	0	6.7786	0	0.0002
DL	0.117232	11	7	0	7	6	8	2	0	52	0	3	-26.1937	1	1
DL	0.117232	11	7	0	7	6	5	6	0	200	6	0	8.55711	0	0
DL	0.117375	11	7	1	1	6	8	2	0	52	0	3	-28.4029	1	1
DL	0.117375	11	7	1	1	6	5	4	0	440	13	1	14.1999	0	0
DL	0.117482	11	7	1	1	12	3	1	0	1272	18	0	19.1596	0	0
DL	0.117482	11	7	1	1	12	4	1	0	403	6	0	3.59306	1	1
DL	0.117482	11	7	1	7	6	5	4	0	440	13	2	15.6629	0	0
DL	0.117536	11	7	2	1	1	3	1	0	103	18	0	19.1772	0	0
DL	0.117625	11	7	2	1	6	8	3	0	52	0	3	-11.4637	1	1
DL	0.117625	11	7	2	1	6	5	4	0	269	8	0	14.36	0	0
DL	0.117732	11	7	2	1	12	4	1	0	403	6	0	6.80295	0	0
DL	0.117732	11	7	2	7	6	5	6	0	200	6	0	8.6778	0	0
DL	0.117875	11	7	3	1	6	5	4	0	200	6	0	12.8185	0	0
DL	0.117893	11	7	3	1	7	7	3	0	61	0	3	0.450253	0	0
DL	0.117982	11	7	3	1	12	4	1	0	403	6	1	7.23761	0	0.0002
DL	0.117982	11	7	3	7	6	5	6	0	200	6	0	8.68983	0	0
UL	0.118107	11	8	0	1	5	8	3	0	43	0	0	-9.06879 	1	1
DL	0.118125	11	8	0	1	6	5	4	0	440	13	0	15.6385	0	0
DL	0.118143	11	8	0	1	7	4	1	0	99	2	0	7.23298	0	0
DL	0.118232	11	8	0	7	6	5	6	0	200	6	0	8.6635	0	0
UL	0.118232	11	8	0	8	5	4	4	0	43	0	0	-4.67432 	1	1
DL	0.118375	11	8	1	1	6	5	4	0	269	8	0	15.5938	0	0
DL	0.118464	11	8	1	1	11	3	1	0	1394	20	0	19.4173	0	0.0167294
DL	0.118482	11	8	1	1	12	4	1	0	403	6	1	4.0594	0	0
DL	0.118482	11	8	1	7	6	5	6	0	200	6	0	8.66702	0	0
DL	0.118625	11	8	2	1	6	5	4	0	269	8	0	15.702	0	0
DL	0.118732	11	8	2	1	12	4	1	0	403	6	0	7.25599	0	0.0002
DL	0.118732	11	8	2	7	6	5	6	0	200	6	0	8.80768	0	0
UL	0.118857	11	8	3	1	5	8	3	0	43	0	1	-9.08478 	1	1
DL	0.118875	11	8	3	1	6	5	4	0	440	13	0	15.7021	0	0
DL	0.118893	11	8	3	1	7	4	1	0	234	6	0	7.33408	0	0
DL	0.118982	11	8	3	7	6	5	6	0	200	6	0	8.63601	0	0
UL	0.118982	11	8	3	8	5	4	4	0	43	0	1	-4.77252 	1	0.998077
DL	0.119125	11	9	0	1	6	5	4	0	440	13	0	15.6594	0	0
DL	0.119232	11	9	0	1	12	4	1	0	172	2	0	7.52822	0	0
DL	0.119232	11	9	0	7	6	5	6	0	200	6	0	8.73605	0	0
DL	0.119375	11	9	1	1	6	5	4	0	440	13	0	15.5576	0	0
DL	0.119482	11	9	1	1	12	4	1	0	403	6	0	7.59059	0	0
DL	0.119482	11	9	1	7	6	5	6	0	200	6	0	8.839	0	0
UL	0.119607	11	9	2	1	5	8	3	0	43	0	2	-9.03746 	1	1
DL	0.119625	11	9	2	1	6	5	4	0	440	13	0	15.5884	0	0
DL	0.119643	11	9	2	1	7	4	1	0	234	6	0	7.49977	0	0
DL	0.119732	11	9	2	7	6	5	6	0	200	6	0	8.93953	0	0
UL	0.119732	11	9	2	8	5	4	4	0	43	0	2	-4.93597 	0	0.0028
DL	0.119875	11	9	3	1	6	5	4	0	440	13	0	15.3931	0	0
DL	0.119964	11	9	3	1	11	3	1	0	1394	20	0	19.3459	0	0.0167294
DL	0.119982	11	9	3	1	12	4	1	0	403	6	0	4.32587	1	1
DL	0.119982	11	9	3	7	6	5	6	0	200	6	0	8.9407	0	0
DL	0.120125	12	0	0	1	6	5	4	0	440	13	0	15.545	0	0
DL	0.120232	12	0	0	1	12	4	1	0	403	6	0	7.49981	0	0
DL	0.120232	12	0	0	7	6	5	6	0	200	6	0	9.07016	0	0
UL	0.120357	12	0	1	1	5	8	3	0	43	0	3	-8.82816 	1	1
DL	0.120375	12	0	1	1	6	5	4	0	440	13	0	15.3747	0	0
DL	0.120482	12	0	1	1	12	4	1	0	403	6	0	7.55704	0	0
DL	0.120482	12	0	1	7	6	5	6	0	200	6	0	9.15631	0	0
DL	0.120625	12	0	2	1	6	5	4	0	440	13	0	15.3325	0	0
DL	0.120732	12	0	2	1	12	4	1	0	172	2	0	7.68162	0	0
DL	0.120732	12	0	2	7	6	5	6	0	200	6	0	9.26039	0	0
DL	0.120875	12	0	3	1	6	5	4	0	440	13	0	15.0841	0	0
DL	0.120964	12	0	3	1	11	3	1	0	1394	20	0	19.1242	0	0.488872
DL	0.120982	12	0	3	1	12	4	1	0	172	2	1	4.63138	0	0
DL	0.120982	12	0	3	7	6	5	6	0	200	6	0	9.27546	0	0
DL	0.121125	12	1	0	1	6	5	4	0	440	13	0	15.1821	0	0
DL	0.121232	12	1	0	1	12	4	1	0	403	6	0	7.79973	0	0
DL	0.121232	12	1	0	7	6	5	6	0	200	6	0	9.23281	0	0
DL	0.121375	12	1	1	1	6	5	4	0	440	13	0	15.0899	0	0
DL	0.121464	12	1	1	1	11	3	1	0	1394	20	0	18.9721	1	0.488872
DL	0.121482	12	1	1	1	12	4	1	0	403	6	0	4.68862	1	1
DL	0.121482	12	1	1	7	6	5	6	0	200	6	0	9.18261	0	0
DL	0.121625	12	1	2	1	6	5	4	0	269	8	0	15.247	0	0
DL	0.121732	12	1	2	1	12	4	1	0	172	2	0	7.72139	0	0
DL	0.121732	12	1	2	7	6	5	6	0	200	6	0	9.13016	0	0
DL	0.121875	12	1	3	1	6	5	4	0	269	8	0	15.2622	0	0
DL	0.121982	12	1	3	1	12	4	1	0	403	6	0	7.64415	0	0
DL	0.121982	12	1	3	7	6	5	6	0	200	6	0	9.31836	0	0
DL	0.122125	12	2	0	1	6	5	4	0	269	8	0	15.1416	0	0
DL	0.122232	12	2	0	1	12	4	1	0	172	2	0	7.63981	0	0
DL	0.122232	12	2	0	7	6	5	6	0	200	6	0	9.31478	0	0
DL	0.122375	12	2	1	1	6	5	4	0	269	8	0	15.1418	0	0
DL	0.122464	12	2	1	1	11	3	1	0	1394	20	1	19.4536	0	0
DL	0.122482	12	2	1	1	12	4	1	0	403	6	1	4.5382	0	0
DL	0.122482	12	2	1	7	6	5	6	0	200	6	0	9.39071	0	0
DL	0.122625	12	2	2	1	6	5	4	0	269	8	0	15.339	0	0
DL	0.122714	12	2	2	1	11	3	1	0	1394	20	2	19.5895	1	0.488872
DL	0.122732	12	2	2	1	12	4	1	0	403	6	0	4.53656	1	1
DL	0.122732	12	2	2	7	6	5	6	0	200	6	0	9.32317	0	0
DL	0.122875	12	2	3	1	6	5	4	0	269	8	0	15.2842	0	0
DL	0.122982	12	2	3	1	12	3	1	0	1272	18	0	19.8055	0	0
DL	0.122982	12	2	3	1	12	4	1	0	403	6	0	4.0939	0	0
DL	0.122982	12	2	3	7	6	5	6	0	200	6	0	9.44599	0	0
DL	0.123125	12	3	0	1	6	5	4	0	269	8	0	15.3517	0	0
DL	0.123232	12	3	0	1	12	3	1	0	1272	18	0	20.0017	0	0
DL	0.123232	12	3	0	1	12	4	1	0	172	2	0	4.03787	0	0
DL	0.123232	12	3	0	7	6	5	6	0	200	6	0	9.44324	0	0
DL	0.123375	12	3	1	1	6	5	4	0	440	13	0	15.5588	0	0
DL	0.123482	12	3	1	1	12	3	1	0	1272	18	0	20.002	0	0
DL	0.123482	12	3	1	1	12	4	1	0	172	2	0	4.1548	0	0
DL	0.123482	12	3	1	7	6	5	6	0	200	6	0	9.47807	0	0
DL	0.123625	12	3	2	1	6	5	4	0	440	13	0	15.5468	0	0
DL	0.123732	12	3	2	1	12	3	1	0	1272	18	1	20.0487	0	0
DL	0.123732	12	3	2	1	12	4	1	0	403	6	1	4.06294	1	1
DL	0.123732	12	3	2	7	6	5	6	0	200	6	0	9.41184	0	0
DL	0.123804	12	3	3	1	2	3	1	0	251	20	0	20.1319	0	0.113144
DL	0.123875	12	3	3	1	6	5	4	0	440	13	0	15.5948	0	0
DL	0.123982	12	3	3	1	12	4	1	0	172	2	0	7.31006	0	0
DL	0.123982	12	3	3	7	6	5	6	0	200	6	0	9.44812	0	0
DL	0.124125	12	4	0	1	6	5	4	0	440	13	0	15.4824	0	0
DL	0.124232	12	4	0	1	12	4	1	0	172	2	0	7.73359	0	0
DL	0.124232	12	4	0	7	6	5	6	0	269	8	0	9.45406	0	0.0599
DL	0.124357	12	4	1	1	5	5	4	0	366	13	0	15.5022	0	0.0002
DL	0.124446	12	4	1	6	5	5	6	0	166	6	0	9.43911	0	0
DL	0.124482	12	4	1	1	12	4	1	0	172	2	0	8.18813	0	0
UL	0.124482	12	4	1	11	2	5	6	0	53	5	0	7.2437 	0	0
DL	0.124589	12	4	2	1	4	5	4	0	292	13	0	15.5196	0	0.0001
DL	0.124661	12	4	2	5	4	5	6	0	132	6	0	9.51575	0	0
UL	0.124679	12	4	2	9	1	5	4	0	70	13	0	14.7462 	0	0
UL	0.124714	12	4	2	10	2	5	6	0	53	5	0	7.21417 	0	0
DL	0.124732	12	4	2	1	12	4	1	0	172	2	1	8.57224	0	0
DL	0.124857	12	4	3	1	5	5	4	0	366	13	0	15.4298	0	0.0002
DL	0.124964	12	4	3	1	11	3	1	0	1394	20	0	20.3627	0	0.0167294
DL	0.124964	12	4	3	6	6	5	6	0	269	8	0	9.64204	0	0.0599
DL	0.124982	12	4	3	1	12	4	1	0	403	6	0	4.84838	1	1
UL	0.124982	12	4	3	12	1	5	4	0	70	13	0	14.7168 	0	0
DL	0.125107	12	5	0	1	5	5	4	0	366	13	0	15.6401	0	0.0002
DL	0.125214	12	5	0	6	6	5	6	0	269	8	0	9.72499	0	0.0599
DL	0.125232	12	5	0	1	12	4	1	0	403	6	0	7.98789	0	0
UL	0.125232	12	5	0	12	1	5	4	0	70	13	0	14.9924 	0	0
DL	0.125375	12	5	1	1	6	5	4	0	440	13	0	15.852	0	0
DL	0.125464	12	5	1	1	11	4	1	0	369	6	0	7.70273	0	0
DL	0.125482	12	5	1	7	6	5	6	0	269	8	0	9.81674	0	0.0599
UL	0.125482	12	5	1	12	1	4	1	0	80	14	0	12.5349 	0	0.720506
DL	0.125625	12	5	2	1	6	5	4	0	440	13	0	15.9191	0	0
DL	0.125714	12	5	2	1	11	4	1	0	157	2	0	7.62242	0	0
DL	0.125732	12	5	2	7	6	5	6	0	269	8	0	9.89874	0	0.0599
UL	0.125732	12	5	2	12	1	4	1	0	80	14	0	12.612 	1	0.167277
DL	0.125875	12	5	3	1	6	5	4	0	440	13	0	15.8028	0	0
DL	0.125964	12	5	3	1	11	4	1	0	157	2	1	7.76993	0	0
DL	0.125982	12	5	3	7	6	5	6	0	269	8	0	9.90205	0	0.0599
UL	0.125982	12	5	3	12	1	4	1	0	80	14	0	12.5908 	0	0.167277
UL	0.126036	12	6	0	1	1	3	1	0	170	24	0	24.09 	0	0.0458
DL	0.126125	12	6	0	1	6	5	4	0	440	13	0	15.8044	0	0
DL	0.126214	12	6	0	1	11	4	1	0	157	2	2	7.74554	0	0
DL	0.126232	12	6	0	7	6	5	6	0	269	8	0	9.8355	0	0.0599
DL	0.126375	12	6	1	1	6	5	4	0	440	13	0	15.6579	0	0
DL	0.126464	12	6	1	1	11	4	1	0	369	6	0	7.80846	0	0
DL	0.126482	12	6	1	7	6	5	6	0	269	8	0	9.772	0	0.0599
UL	0.126482	12	6	1	12	1	4	1	0	80	14	1	12.5462 	0	0
DL	0.126625	12	6	2	1	6	5	4	0	440	13	0	15.5915	0	0
DL	0.126732	12	6	2	1	12	4	1	0	403	6	0	7.83127	0	0.0002
DL	0.126732	12	6	2	7	6	5	6	0	269	8	0	9.75419	0	0.0599
DL	0.126875	12	6	3	1	6	5	4	0	440	13	0	15.4894	0	0
DL	0.126982	12	6	3	1	12	4	1	0	403	6	0	8.02389	0	0
DL	0.126982	12	6	3	7	6	5	6	0	269	8	0	9.89888	0	0.0599
DL	0.127125	12	7	0	1	6	5	4	0	440	13	0	15.5095	0	0
DL	0.127232	12	7	0	1	12	4	1	0	403	6	0	8.14127	0	0
DL	0.127232	12	7	0	7	6	5	6	0	269	8	0	9.98691	0	0.0599
DL	0.127375	12	7	1	1	6	5	4	0	440	13	0	15.4528	0	0
DL	0.127464	12	7	1	1	11	3	1	0	1394	20	0	20.074	0	0.488872
DL	0.127482	12	7	1	1	12	4	1	0	403	6	0	4.64412	1	1
DL	0.127482	12	7	1	7	6	5	6	0	269	8	0	10.044	0	0.0599
DL	0.127625	12	7	2	1	6	5	4	0	440	13	0	15.5118	0	0
DL	0.127732	12	7	2	1	12	4	1	0	403	6	0	8.28557	0	0
DL	0.127732	12	7	2	7	6	5	6	0	269	8	0	9.85993	0	0.0599
DL	0.127875	12	7	3	1	6	5	4	0	440	13	0	15.5738	0	0
DL	0.127982	12	7	3	1	12	4	1	0	403	6	0	8.5676	0	0
DL	0.127982	12	7	3	7	6	5	6	0	269	8	0	9.88096	0	0.0599
DL	0.128125	12	8	0	1	6	5	4	0	440	13	0	15.553	0	0
DL	0.128232	12	8	0	1	12	4	1	0	172	2	0	8.58344	0	0
DL	0.128232	12	8	0	7	6	5	6	0	269	8	0	9.72353	0	0.0599
DL	0.128375	12	8	1	1	6	5	4	0	440	13	0	15.4073	0	0
DL	0.128482	12	8	1	1	12	3	1	0	1272	18	0	20.2623	0	0.00099975
DL	0.128482	12	8	1	1	12	4	1	0	403	6	1	4.16105	0	0
DL	0.128482	12	8	1	7	6	5	6	0	269	8	0	9.58618	0	0.0599
DL	0.128536	12	8	2	1	1	3	1	0	103	18	0	20.2418	0	0.0008
DL	0.128625	12	8	2	1	6	5	4	0	440	13	0	15.5594	0	0
DL	0.128732	12	8	2	1	12	4	1	0	403	6	0	8.33743	0	0
DL	0.128732	12	8	2	7	6	5	6	0	269	8	0	9.62238	0	0.0599
DL	0.128875	12	8	3	1	6	5	4	0	440	13	0	15.6087	0	0
DL	0.128982	12	8	3	1	12	3	1	0	1272	18	0	20.301	0	0.00099975
DL	0.128982	12	8	3	1	12	4	1	0	403	6	0	4.10853	1	1
DL	0.128982	12	8	3	7	6	5	6	0	269	8	0	9.5765	0	0.0599
DL	0.129036	12	9	0	1	1	3	1	0	103	18	0	20.2142	0	0.0008
DL	0.129125	12	9	0	1	6	5	4	0	440	13	0	15.5941	0	0
DL	0.129232	12	9	0	1	12	4	1	0	172	2	0	8.47078	0	0
DL	0.129232	12	9	0	7	6	5	6	0	269	8	0	9.47379	0	0.0599
DL	0.129375	12	9	1	1	6	5	4	0	440	13	0	15.492	0	0
DL	0.129482	12	9	1	1	12	4	1	0	403	6	0	8.64374	0	0
DL	0.129482	12	9	1	7	6	5	6	0	269	8	0	9.43718	0	0.0599
DL	0.129625	12	9	2	1	6	5	4	0	440	13	0	15.4523	0	0
DL	0.129732	12	9	2	1	12	4	1	0	172	2	0	8.77204	0	0
DL	0.129732	12	9	2	7	6	5	6	0	269	8	0	9.6273	0	0.0599
DL	0.129875	12	9	3	1	6	5	4	0	440	13	0	15.4969	0	0
DL	0.129982	12	9	3	1	12	4	1	0	172	2	1	8.79989	0	0
DL	0.129982	12	9	3	7	6	5	6	0	269	8	0	9.68317	0	0.0599
DL	0.130125	13	0	0	1	6	5	4	0	440	13	0	15.5538	0	0
DL	0.130232	13	0	0	1	12	4	1	0	403	6	0	8.64337	0	0
DL	0.130232	13	0	0	7	6	5	6	0	269	8	0	9.57164	1	0.0599
DL	0.130375	13	0	1	1	6	5	4	0	440	13	0	15.6018	0	0
DL	0.130482	13	0	1	1	12	4	1	0	403	6	0	8.5948	0	0
DL	0.130482	13	0	1	7	6	5	6	0	269	8	0	9.58675	0	0.0599
DL	0.130625	13	0	2	1	6	5	4	0	440	13	0	15.6113	0	0
DL	0.130732	13	0	2	1	12	4	1	0	403	6	0	8.56568	0	0
DL	0.130732	13	0	2	7	6	5	6	0	269	8	0	9.74261	0	0.0599
DL	0.130875	13	0	3	1	6	5	4	0	440	13	0	15.5291	0	0
DL	0.130982	13	0	3	1	12	3	1	0	1272	18	0	20.2748	0	0.00099975
DL	0.130982	13	0	3	1	12	4	1	0	403	6	0	3.90583	1	1
DL	0.130982	13	0	3	7	6	5	6	0	269	8	0	9.64995	0	0.0599
DL	0.131036	13	1	0	1	1	3	1	0	103	18	0	20.3627	0	0.0008
DL	0.131125	13	1	0	1	6	5	6	0	269	8	1	9.3349	0	0
DL	0.131232	13	1	0	1	12	4	1	0	403	6	0	8.30757	0	0
DL	0.131232	13	1	0	7	6	5	6	0	269	8	2	9.25469	0	0.0599
DL	0.131375	13	1	1	1	6	5	6	0	269	8	0	9.31489	0	0.0599
DL	0.131482	13	1	1	1	12	4	1	0	403	6	0	8.54708	0	0
DL	0.131482	13	1	1	7	6	5	4	0	440	13	0	16.2306	0	0
DL	0.131625	13	1	2	1	6	5	6	0	269	8	0	9.38882	0	0.0599
DL	0.131732	13	1	2	1	12	4	1	0	172	2	0	8.66449	0	0
DL	0.131732	13	1	2	7	6	5	4	0	440	13	0	16.3205	0	0
DL	0.131875	13	1	3	1	6	5	6	0	269	8	0	9.25206	0	0.0599
DL	0.131982	13	1	3	1	12	3	1	0	1272	18	0	20.5661	0	0.00099975
DL	0.131982	13	1	3	1	12	4	1	0	172	2	1	3.9981	0	0
DL	0.131982	13	1	3	7	6	5	4	0	440	13	0	16.316	0	0
DL	0.132036	13	2	0	1	1	3	1	0	103	18	0	20.6121	0	0.0008
DL	0.132125	13	2	0	1	6	5	6	0	269	8	0	9.40899	0	0.0599
DL	0.132232	13	2	0	1	12	4	1	0	403	6	0	8.4582	0	0
DL	0.132232	13	2	0	7	6	5	4	0	551	15	0	16.4458	0	0
DL	0.132375	13	2	1	1	6	5	6	0	269	8	0	9.30699	0	0.0599
DL	0.132482	13	2	1	1	12	3	1	0	1272	18	0	20.5696	0	0.00099975
DL	0.132482	13	2	1	1	12	4	1	0	403	6	0	3.9003	1	1
DL	0.132482	13	2	1	7	6	5	4	0	551	15	0	16.4428	0	0
DL	0.132536	13	2	2	1	1	3	1	0	103	18	0	20.3974	0	0.0008
DL	0.132625	13	2	2	1	6	5	6	0	269	8	0	9.39428	0	0.0599
DL	0.132732	13	2	2	1	12	4	1	0	172	2	0	8.45965	0	0
DL	0.132732	13	2	2	7	6	5	4	0	551	15	0	16.5439	0	0
DL	0.132875	13	2	3	1	6	5	6	0	269	8	0	9.43509	0	0.0599
DL	0.132982	13	2	3	1	12	3	1	0	1272	18	0	20.3014	0	0.00099975
DL	0.132982	13	2	3	1	12	4	1	0	403	6	0	3.76974	1	1
DL	0.132982	13	2	3	7	6	5	4	0	551	15	0	16.4853	0	0
DL	0.133036	13	3	0	1	1	3	1	0	103	18	0	20.2551	0	0.0008
DL	0.133125	13	3	0	1	6	5	6	0	269	8	0	9.63194	0	0.0599
DL	0.133232	13	3	0	1	12	4	1	0	172	2	0	8.53466	0	0
DL	0.133232	13	3	0	7	6	5	4	0	551	15	0	16.4255	0	0
DL	0.133375	13	3	1	1	6	5	6	0	269	8	0	9.45999	0	0.0599
DL	0.133482	13	3	1	1	12	3	1	0	1272	18	0	20.2239	0	0.00099975
DL	0.133482	13	3	1	1	12	4	1	0	403	6	1	3.89119	0	0
DL	0.133482	13	3	1	7	6	5	4	0	551	15	0	16.3901	0	0
DL	0.133536	13	3	2	1	1	3	1	0	103	18	0	20.142	0	0.0008
DL	0.133625	13	3	2	1	6	5	6	0	269	8	0	9.7074	0	0.0599
DL	0.133732	13	3	2	1	12	4	1	0	172	2	0	8.5913	0	0
DL	0.133732	13	3	2	7	6	5	4	0	551	15	0	16.3979	0	0
DL	0.133875	13	3	3	1	6	5	6	0	269	8	0	9.81475	0	0
DL	0.133982	13	3	3	1	12	4	1	0	172	2	1	8.8003	0	0
DL	0.133982	13	3	3	7	6	5	4	0	551	15	0	16.4379	0	0
DL	0.134125	13	4	0	1	6	5	6	0	269	8	0	9.85221	0	0
DL	0.134232	13	4	0	1	12	4	1	0	172	2	0	8.80546	0	0
DL	0.134232	13	4	0	7	6	5	4	0	551	15	0	16.4743	0	0
DL	0.134375	13	4	1	1	6	5	6	0	269	8	0	9.62226	0	0.0599
DL	0.134482	13	4	1	1	12	3	1	0	1272	18	0	20.1533	0	0.00099975
DL	0.134482	13	4	1	1	12	4	1	0	403	6	0	3.74335	1	1
DL	0.134482	13	4	1	7	6	5	4	0	551	15	0	16.5413	0	0
DL	0.134536	13	4	2	1	1	3	1	0	103	18	0	20.3365	0	0.0008
DL	0.134625	13	4	2	1	6	5	6	0	269	8	0	9.74774	0	0
DL	0.134732	13	4	2	1	12	4	1	0	403	6	0	8.57327	0	0
DL	0.134732	13	4	2	7	6	5	4	0	551	15	0	16.4014	0	0
DL	0.134875	13	4	3	1	6	5	6	0	269	8	0	9.68189	0	0.0599
DL	0.134982	13	4	3	1	12	3	1	0	1272	18	0	20.3712	0	0.00099975
DL	0.134982	13	4	3	1	12	4	1	0	403	6	0	3.75199	1	1
DL	0.134982	13	4	3	7	6	5	4	0	551	15	0	16.3708	0	0
DL	0.135036	13	5	0	1	1	3	1	0	103	18	0	20.3799	0	0.0008
DL	0.135107	13	5	0	1	5	5	6	0	224	8	0	9.78366	0	0.0073
DL	0.135196	13	5	0	6	5	5	4	0	459	15	0	16.4099	0	0
UL	0.135214	13	5	0	11	1	5	6	0	36	7	0	8.49598 	0	0.0007
DL	0.135232	13	5	0	1	12	4	1	0	172	2	0	9.13775	0	0
UL	0.135232	13	5	0	12	1	5	4	0	70	13	0	15.5028 	0	0
DL	0.135357	13	5	1	1	5	5	6	0	224	8	0	9.73582	0	0.0073
DL	0.135446	13	5	1	6	5	5	4	0	459	15	0	16.3906	0	0
UL	0.135464	13	5	1	11	1	5	6	0	36	7	0	8.56627 	0	0.0007
DL	0.135482	13	5	1	1	12	3	1	0	1272	18	0	20.3136	0	0.00099975
DL	0.135482	13	5	1	1	12	4	1	0	403	6	1	4.05283	0	0
UL	0.135482	13	5	1	12	1	5	4	0	70	13	0	15.5187 	0	0
DL	0.135536	13	5	2	1	1	3	1	0	103	18	0	20.2472	0	0.0008
DL	0.135607	13	5	2	1	5	5	6	0	224	8	0	9.9812	0	0
DL	0.135714	13	5	2	6	6	5	4	0	551	15	0	16.5478	0	0
DL	0.135732	13	5	2	1	12	4	1	0	172	2	0	8.97613	0	0
UL	0.135732	13	5	2	12	1	5	6	0	36	7	0	8.8049 	0	0.0007
DL	0.135875	13	5	3	1	6	5	6	0	269	8	0	10.1384	0	0
DL	0.135982	13	5	3	1	12	4	1	0	172	2	1	9.11919	0	0
DL	0.135982	13	5	3	7	6	5	4	0	551	15	0	16.4852	0	0
DL	0.136214	13	6	0	1	11	5	6	0	496	8	0	10.1585	0	0
DL	0.136232	13	6	0	1	12	4	1	0	172	2	0	9.16894	0	0
DL	0.136232	13	6	0	12	1	5	4	0	89	15	0	16.6611	0	0.015
DL	0.136375	13	6	1	1	6	5	4	0	634	18	0	15.936	1	0.618421
DL	0.136464	13	6	1	1	11	4	1	0	369	6	0	3.76414	1	1
DL	0.136482	13	6	1	1	12	3	1	0	1272	18	0	21.0089	0	0
DL	0.136482	13	6	1	7	6	5	6	0	269	8	0	10.658	0	0
UL	0.136482	13	6	1	12	1	4	1	0	80	14	0	12.1497 	0	0.720506
DL	0.136536	13	6	2	1	1	3	1	0	103	18	0	20.3003	0	0.0008
DL	0.136625	13	6	2	1	6	5	4	0	634	18	0	15.9166	0	0.618421
DL	0.136714	13	6	2	1	11	4	1	0	369	6	0	8.83448	0	0
DL	0.136732	13	6	2	7	6	5	6	0	269	8	0	10.7299	0	0
UL	0.136732	13	6	2	12	1	4	1	0	80	14	0	12.0803 	1	0.720506
DL	0.136786	13	6	3	1	1	5	4	0	103	18	0	15.8524	1	0.522634
DL	0.136964	13	6	3	1	11	4	1	0	369	6	0	3.85246	1	1
DL	0.136982	13	6	3	1	12	3	1	0	1272	18	0	20.717	0	0
DL	0.136982	13	6	3	2	11	5	6	0	496	8	0	10.8331	0	0
UL	0.136982	13	6	3	12	1	4	1	0	80	14	0	12.1999 	1	0.720506
DL	0.137036	13	7	0	1	1	3	1	0	124	20	0	20.084	1	0.564159
DL	0.137125	13	7	0	1	6	5	4	0	634	18	1	15.8395	0	0
DL	0.137232	13	7	0	1	12	4	1	0	172	2	0	9.03796	0	0
DL	0.137232	13	7	0	7	6	5	4	0	634	18	2	15.7696	0	0.618421
DL	0.137464	13	7	1	1	11	4	1	0	369	6	1	9.26918	0	0
DL	0.137482	13	7	1	1	12	5	6	0	680	11	0	10.6367	0	0
UL	0.137482	13	7	1	12	1	4	1	0	80	14	1	12.0301 	0	0
UL	0.137536	13	7	2	1	1	3	1	0	170	24	0	24.2431 	0	0.01
DL	0.137536	13	7	2	1	1	5	4	0	103	18	1	15.6943	0	0
DL	0.137554	13	7	2	2	1	5	4	0	103	18	2	15.7573	0	0.522634
DL	0.137714	13	7	2	1	11	4	1	0	369	6	2	9.29206	0	0
DL	0.137732	13	7	2	3	10	5	6	0	566	11	0	10.8418	0	0
UL	0.137732	13	7	2	12	1	4	1	0	80	14	1	11.9928 	0	0
DL	0.137786	13	7	3	1	1	3	1	0	124	20	1	20.0918	0	0
DL	0.137804	13	7	3	2	1	3	1	0	124	20	2	20.0419	0	0.564159
DL	0.137875	13	7	3	1	6	5	4	0	551	15	0	15.7254	0	0.0041
DL	0.137982	13	7	3	1	12	4	1	0	403	6	0	8.84596	0	0
DL	0.137982	13	7	3	7	6	5	6	0	338	11	0	10.9731	0	0
UL	0.138036	13	8	0	1	1	3	1	0	170	24	0	24.1333 	0	0.0458
DL	0.138125	13	8	0	1	6	5	4	0	551	15	0	15.6043	0	0.0041
DL	0.138232	13	8	0	1	12	4	1	0	403	6	0	9.33921	0	0
DL	0.138232	13	8	0	7	6	5	6	0	338	11	0	11.0235	0	0
DL	0.138375	13	8	1	1	6	5	4	0	551	15	0	15.6549	0	0.0041
DL	0.138482	13	8	1	1	12	4	1	0	403	6	0	9.44154	0	0
DL	0.138482	13	8	1	7	6	5	6	0	338	11	0	10.9829	0	0
DL	0.138625	13	8	2	1	6	5	4	0	551	15	0	15.788	0	0
DL	0.138732	13	8	2	1	12	4	1	0	403	6	0	9.40693	0	0
DL	0.138732	13	8	2	7	6	5	6	0	338	11	0	10.8918	0	0
DL	0.138875	13	8	3	1	6	5	4	0	551	15	0	15.7636	0	0
DL	0.138982	13	8	3	1	12	3	1	0	1272	18	0	19.7643	0	0.00099975
DL	0.138982	13	8	3	1	12	4	1	0	403	6	0	3.9827	1	1
DL	0.138982	13	8	3	7	6	5	6	0	338	11	0	10.886	0	0
DL	0.139036	13	9	0	1	1	3	1	0	103	18	0	19.7523	0	0.0001
DL	0.139125	13	9	0	1	6	5	4	0	551	15	0	15.8971	0	0
DL	0.139232	13	9	0	1	12	4	1	0	403	6	0	9.12803	0	0
DL	0.139232	13	9	0	7	6	5	6	0	338	11	0	10.8346	0	0
DL	0.139375	13	9	1	1	6	5	4	0	551	15	0	15.991	0	0
DL	0.139482	13	9	1	1	12	4	1	0	403	6	0	9.46146	0	0
DL	0.139482	13	9	1	7	6	5	6	0	338	11	0	10.7267	0	0
DL	0.139554	13	9	2	1	2	5	4	0	181	15	0	15.9952	0	0
DL	0.139732	13	9	2	1	12	4	1	0	172	2	0	9.58295	0	0
DL	0.139732	13	9	2	3	10	5	6	0	566	11	0	10.7564	0	0
DL	0.139982	13	9	3	1	12	3	1	0	1272	18	0	19.5319	0	0
DL	0.139982	13	9	3	1	12	4	1	0	403	6	1	4.14528	1	1
DL	0.139982	13	9	3	1	12	5	6	0	680	11	0	10.1778	0	0
DL	0.140036	14	0	0	1	1	3	1	0	103	18	0	19.5338	0	0.0001
DL	0.140232	14	0	0	1	12	4	1	0	403	6	0	9.33982	0	0
DL	0.140232	14	0	0	1	12	5	6	0	680	11	0	10.4807	0	0
DL	0.140375	14	0	1	1	6	5	6	0	338	11	0	3.60214	1	1
DL	0.140482	14	0	1	1	12	7	1	0	107	0	0	0.196206	0	0
DL	0.140482	14	0	1	1	12	4	1	0	403	6	0	9.57507	0	0
DL	0.140482	14	0	1	7	6	5	4	0	551	15	0	16.8675	0	0
DL	0.140625	14	0	2	1	6	5	6	0	269	8	0	3.49078	0	0
DL	0.140732	14	0	2	1	12	7	1	0	107	0	0	0.202233	0	0.048
DL	0.140732	14	0	2	1	12	4	1	0	172	2	0	9.67722	0	0
DL	0.140732	14	0	2	7	6	5	4	0	551	15	0	16.8702	0	0
DL	0.140929	14	0	3	1	9	5	6	0	509	11	0	3.46114	1	1
DL	0.140982	14	0	3	1	12	7	1	0	107	0	0	0.221309	0	0.048
DL	0.140982	14	0	3	1	12	4	1	0	403	6	1	9.77342	0	0
DL	0.140982	14	0	3	10	3	5	4	0	274	15	0	17.0449	0	0
DL	0.141125	14	1	0	1	6	4	1	0	200	6	0	9.84931	0	0
DL	0.141125	14	1	0	1	6	5	6	0	269	8	1	10.43	0	0
DL	0.141232	14	1	0	7	6	4	3	0	52	0	0	-5.11079	1	1
DL	0.141232	14	1	0	7	6	5	6	0	269	8	2	10.3743	0	0
DL	0.141321	14	1	1	1	3	5	6	0	40	2	0	10.0793	0	0
DL	0.141375	14	1	1	1	6	4	1	0	200	6	0	4.22064	1	1
DL	0.141375	14	1	1	4	3	5	3	0	24	0	0	0.256831	0	0.424834
DL	0.141429	14	1	1	7	3	5	4	0	315	18	0	16.3998	0	0.201
DL	0.141482	14	1	1	1	12	3	1	0	1272	18	0	19.9653	0	0
DL	0.141482	14	1	1	7	6	4	3	0	52	0	0	-5.16024	1	1
DL	0.141482	14	1	1	10	3	5	5	0	24	0	0	-11.3737	1	1
DL	0.141536	14	1	2	1	1	3	1	0	103	18	0	20.0801	0	0
DL	0.141571	14	1	2	1	3	5	6	0	40	2	0	10.2273	0	0
UL	0.141607	14	1	2	1	5	7	1	0	43	0	0	1.25089 	0	0.0028
DL	0.141625	14	1	2	1	6	4	1	0	200	6	0	9.30287	0	0
DL	0.141625	14	1	2	4	3	5	3	0	24	0	0	0.350872	0	0
DL	0.141679	14	1	2	7	3	5	4	0	315	18	0	16.3782	0	0.201
DL	0.141732	14	1	2	7	6	4	3	0	52	0	0	-5.22386	1	1
DL	0.141732	14	1	2	10	3	5	5	0	24	0	0	-11.2705	1	1
UL	0.141857	14	1	3	1	5	7	1	0	43	0	0	1.09793 	0	0.0028
DL	0.141929	14	1	3	1	9	5	6	0	509	11	1	10.2461	0	0
DL	0.141946	14	1	3	10	1	5	3	0	6	0	0	0.401195	0	0.0501
DL	0.141964	14	1	3	11	1	5	4	0	103	18	0	17.0248	0	0.0054
DL	0.141982	14	1	3	1	12	4	1	0	403	6	0	10.2086	0	0
UL	0.141982	14	1	3	12	1	5	3	0	6	0	0	0.209292 	1	0.299702
DL	0.142125	14	2	0	1	6	4	1	0	200	6	1	9.87997	0	0
DL	0.142143	14	2	0	1	7	7	4	0	61	0	0	-9.62237	1	1
DL	0.142179	14	2	0	1	9	5	6	0	509	11	2	5.98274	1	1
DL	0.142196	14	2	0	10	1	5	4	0	89	15	0	17.1599	0	0
DL	0.142232	14	2	0	7	6	4	1	0	200	6	2	10.706	0	0
UL	0.142232	14	2	0	8	5	7	1	0	43	0	0	0.771016 	0	0.0028
UL	0.142232	14	2	0	11	2	5	3	0	15	0	0	-0.571148 	1	0.927158
DL	0.142321	14	2	1	1	3	5	5	0	24	0	1	-18.8499	1	1
DL	0.142375	14	2	1	1	6	4	3	0	52	0	1	-12.5773	1	1
DL	0.142375	14	2	1	1	6	7	2	0	52	0	0	-34.9689	1	1
DL	0.142375	14	2	1	4	3	5	5	0	24	0	2	-18.8488	1	1
DL	0.142411	14	2	1	7	2	5	4	0	181	15	0	14.0565	1	0.983779
DL	0.142446	14	2	1	9	2	5	6	0	87	8	0	10.7087	0	0
DL	0.142464	14	2	1	1	11	3	1	0	1394	20	0	19.5345	0	0.0167294
DL	0.142482	14	2	1	7	6	4	3	0	52	0	2	-12.4601	1	1
DL	0.142482	14	2	1	7	6	7	4	0	52	0	0	-3.09945	1	1
UL	0.142482	14	2	1	11	2	5	3	0	15	0	0	0.184523 	0	0.271552
DL	0.142571	14	2	2	1	3	5	5	0	24	0	1	-14.0513	1	1
DL	0.142625	14	2	2	1	6	4	3	0	52	0	1	-12.182	1	1
DL	0.142625	14	2	2	1	6	7	2	0	52	0	0	-34.9782	1	1
DL	0.142625	14	2	2	4	3	5	5	0	24	0	2	-14.0618	1	1
DL	0.142661	14	2	2	7	2	5	4	0	209	18	0	14.035	1	1
DL	0.142696	14	2	2	9	2	5	6	0	87	8	0	10.6197	0	0
UL	0.142714	14	2	2	11	1	5	3	0	6	0	1	0.150391 	0	0
DL	0.142732	14	2	2	7	6	4	3	0	52	0	2	-12.1784	1	1
DL	0.142732	14	2	2	7	6	7	4	0	52	0	0	-2.94089	1	1
UL	0.142732	14	2	2	12	1	5	3	0	6	0	0	0.149001 	0	0.299702
DL	0.142839	14	2	3	1	4	5	4	0	422	18	0	14.0695	1	1
DL	0.142875	14	2	3	1	6	4	1	0	269	8	0	4.47131	1	1
DL	0.142893	14	2	3	5	3	5	6	0	66	4	0	10.5121	0	0
UL	0.142929	14	2	3	8	2	5	3	0	15	0	1	0.0779734 	0	0
DL	0.142964	14	2	3	1	11	3	1	0	1394	20	0	19.5486	0	0.0167294
DL	0.142982	14	2	3	1	12	7	2	0	107	0	0	-10.0212	1	1
DL	0.142982	14	2	3	7	6	4	4	0	52	0	0	-1.58597	1	1
UL	0.142982	14	2	3	10	3	5	3	0	24	0	0	0.062596 	1	0.424834
DL	0.143071	14	3	0	1	3	5	5	0	24	0	3	-21.132	1	1
DL	0.143125	14	3	0	1	6	7	2	0	52	0	1	-34.7356	1	1
DL	0.143125	14	3	0	1	6	4	3	0	52	0	3	-14.8891	1	1
DL	0.143125	14	3	0	4	3	5	6	0	66	4	1	10.6795	0	0
DL	0.143179	14	3	0	7	3	4	1	0	133	8	0	10.0959	1	0.647959
DL	0.143179	14	3	0	7	3	5	6	0	66	4	2	3.30732	1	1
DL	0.143214	14	3	0	10	2	5	4	0	144	13	0	16.6457	0	0
DL	0.143232	14	3	0	1	12	8	2	0	107	0	0	-26.7608	1	1
DL	0.143232	14	3	0	7	6	7	2	0	52	0	2	-14.139	1	1
DL	0.143232	14	3	0	10	3	4	4	0	24	0	0	-3.07207	1	1
DL	0.143321	14	3	1	1	3	5	5	0	24	0	3	-21.2034	1	1
DL	0.143357	14	3	1	4	2	5	4	0	181	15	1	17.3742	0	0
DL	0.143375	14	3	1	1	6	8	2	0	52	0	0	-26.8912	1	1
DL	0.143375	14	3	1	1	6	7	2	0	52	0	1	-34.5894	1	1
DL	0.143375	14	3	1	1	6	4	3	0	52	0	3	-14.8246	1	1
DL	0.143393	14	3	1	6	2	5	4	0	181	15	2	15.7566	0	0
DL	0.143429	14	3	1	7	3	4	1	0	133	8	0	10.1844	1	0.264937
DL	0.143446	14	3	1	8	3	5	6	0	167	11	0	10.5225	0	0.0007
DL	0.143482	14	3	1	7	6	8	3	0	52	0	0	-10.96	1	1
DL	0.143482	14	3	1	7	6	7	2	0	52	0	2	-34.5006	1	1
DL	0.143482	14	3	1	10	3	4	4	0	24	0	0	-2.92327	1	1
DL	0.143482	14	3	1	11	2	5	4	0	144	13	0	13.5767	0	0.026
DL	0.143554	14	3	2	1	2	5	4	0	209	18	1	13.1956	0	0
DL	0.143589	14	3	2	3	2	5	4	0	209	18	2	13.1864	1	1
DL	0.143625	14	3	2	1	6	8	2	0	52	0	0	-26.7142	1	1
DL	0.143625	14	3	2	1	6	7	4	0	52	0	1	-9.65523	1	1
DL	0.143625	14	3	2	1	6	4	1	0	269	8	1	9.43535	0	0
DL	0.143661	14	3	2	5	4	5	4	0	422	18	1	13.1704	0	0
DL	0.143732	14	3	2	7	6	8	3	0	52	0	0	-10.9325	1	1
DL	0.143732	14	3	2	7	6	7	4	0	52	0	2	-9.74901	1	1
DL	0.143732	14	3	2	7	6	4	1	0	269	8	2	9.48339	1	0.792438
DL	0.143732	14	3	2	9	4	5	4	0	422	18	2	13.2148	1	1
DL	0.143875	14	3	3	1	6	4	4	0	52	0	1	-22.6412	1	1
DL	0.143875	14	3	3	1	6	5	4	0	634	18	0	13.1803	1	1
DL	0.143982	14	3	3	1	12	8	3	0	107	0	0	-10.9517	1	1
DL	0.143982	14	3	3	1	12	7	2	0	107	0	1	-34.5662	1	1
DL	0.143982	14	3	3	7	6	4	4	0	52	0	2	-22.595	1	1
DL	0.143982	14	3	3	7	6	5	6	0	84	2	0	10.3129	0	0
DL	0.144071	14	4	0	1	3	4	1	0	133	8	1	9.39486	0	0
DL	0.144125	14	4	0	1	6	7	2	0	52	0	3	-34.7105	1	1
DL	0.144125	14	4	0	1	6	5	6	0	84	2	1	3.47232	0	0.0062
DL	0.144125	14	4	0	4	3	4	1	0	133	8	2	9.38346	1	0.911972
DL	0.144179	14	4	0	7	3	4	4	0	24	0	1	-7.73281	1	0.985577
DL	0.144232	14	4	0	1	12	8	2	0	107	0	1	-26.8517	1	1
DL	0.144232	14	4	0	7	6	7	2	0	52	0	3	-34.7801	1	1
DL	0.144232	14	4	0	7	6	5	6	0	84	2	2	3.5257	0	0.0062
DL	0.144232	14	4	0	10	3	4	4	0	24	0	2	-7.75955	0	0.424834
DL	0.144321	14	4	1	1	3	4	4	0	24	0	1	-22.712	1	1
DL	0.144375	14	4	1	1	6	8	2	0	52	0	1	-26.9288	1	1
DL	0.144375	14	4	1	1	6	7	4	0	52	0	3	-9.93266	1	0.791149
DL	0.144375	14	4	1	1	6	5	6	0	338	11	0	3.48771	1	1
DL	0.144375	14	4	1	4	3	4	4	0	24	0	2	-22.6828	1	1
DL	0.144429	14	4	1	7	3	4	1	0	133	8	1	9.38744	0	0
DL	0.144482	14	4	1	7	6	8	2	0	52	0	2	-26.9661	1	1
DL	0.144482	14	4	1	7	6	7	3	0	52	0	0	-4.28837	1	1
DL	0.144482	14	4	1	7	6	5	4	0	440	13	0	13.2269	0	0.021
DL	0.144482	14	4	1	10	3	4	1	0	133	8	2	9.46577	1	0.911972
DL	0.144625	14	4	2	1	6	8	3	0	52	0	1	-10.9953	1	1
DL	0.144625	14	4	2	1	6	5	4	0	634	18	1	13.2544	0	0
DL	0.144625	14	4	2	1	6	4	1	0	269	8	3	9.58911	0	0
DL	0.144732	14	4	2	1	12	7	3	0	107	0	0	-4.3523	1	1
DL	0.144732	14	4	2	7	6	8	3	0	52	0	2	-11.0103	1	0.791149
DL	0.144732	14	4	2	7	6	5	4	0	634	18	2	13.2537	1	1
DL	0.144732	14	4	2	7	6	4	4	0	52	0	3	-22.0401	1	1
DL	0.144875	14	4	3	1	6	5	4	0	440	13	0	13.1428	0	0
DL	0.144982	14	4	3	1	12	7	2	0	107	0	2	-35.0092	1	1
DL	0.144982	14	4	3	1	12	8	3	0	107	0	1	-11.0538	1	1
DL	0.144982	14	4	3	1	12	4	1	0	403	6	0	9.63163	0	0
DL	0.144982	14	4	3	7	6	5	6	0	84	2	0	10.7241	0	0
DL	0.145071	14	5	0	1	3	4	4	0	24	0	3	-22.2627	1	1
DL	0.145125	14	5	0	1	6	5	6	0	338	11	1	10.0877	0	0
DL	0.145125	14	5	0	4	3	4	4	0	24	0	3	-22.26	1	1
DL	0.145232	14	5	0	1	12	8	2	0	107	0	2	-26.4389	1	1
DL	0.145232	14	5	0	7	6	5	6	0	338	11	2	10.1479	0	0.0001
DL	0.145232	14	5	0	7	6	4	1	0	200	6	0	10.0425	0	0
DL	0.145375	14	5	1	1	6	7	3	0	52	0	1	-4.41757	1	1
DL	0.145375	14	5	1	1	6	8	2	0	52	0	3	-27.0067	1	1
DL	0.145375	14	5	1	1	6	5	6	0	84	2	0	3.23447	0	0.0062
DL	0.145393	14	5	1	1	7	4	1	0	234	6	0	9.49911	0	0
DL	0.145482	14	5	1	7	6	7	3	0	52	0	2	-3.14018	0	0.0014
DL	0.145482	14	5	1	7	6	8	3	0	52	0	3	-3.57049	0	0
DL	0.145482	14	5	1	7	6	5	4	0	440	13	0	13.5758	0	0.021
UL	0.145482	14	5	1	8	5	4	4	0	43	0	0	-4.46227 	1	1
DL	0.145625	14	5	2	1	6	5	6	0	338	11	0	3.26847	1	1
DL	0.145732	14	5	2	1	12	7	3	0	107	0	1	1.46901	0	0
DL	0.145732	14	5	2	1	12	4	1	0	403	6	0	10.01	0	0
DL	0.145732	14	5	2	7	6	5	4	0	440	13	0	17.6692	0	0
DL	0.145857	14	5	3	1	5	5	6	0	224	8	0	3.44406	1	1
DL	0.145946	14	5	3	6	5	5	4	0	366	13	0	17.6061	0	0
UL	0.145964	14	5	3	11	1	5	6	0	36	7	0	10.4374 	0	0
DL	0.145982	14	5	3	1	12	8	3	0	107	0	2	-11.1342	1	1
DL	0.145982	14	5	3	1	12	7	2	0	107	0	3	-14.1538	1	1
DL	0.145982	14	5	3	1	12	4	1	0	403	6	0	9.95288	0	0
UL	0.145982	14	5	3	12	1	5	4	0	89	15	0	16.5799 	0	0.285795
DL	0.146107	14	6	0	1	5	5	6	0	70	2	0	3.55974	0	0
DL	0.146125	14	6	0	1	6	7	3	0	52	0	3	-4.42356	1	1
DL	0.146143	14	6	0	1	7	4	1	0	234	6	0	9.64005	0	0
DL	0.146214	14	6	0	6	6	5	4	0	440	13	0	17.6639	0	0
DL	0.146232	14	6	0	1	12	8	2	0	107	0	3	-22.7725	1	1
UL	0.146232	14	6	0	8	5	4	4	0	43	0	1	-4.4871 	1	0.998077
UL	0.146232	14	6	0	12	1	5	6	0	36	7	0	9.48033 	0	0.0007
DL	0.146375	14	6	1	1	6	5	6	0	338	11	1	10.1584	0	0
DL	0.146482	14	6	1	1	12	4	1	0	403	6	0	10.1767	0	0
DL	0.146482	14	6	1	7	6	5	6	0	338	11	2	10.2044	0	0.0001
UL	0.146607	14	6	2	1	5	8	3	0	43	0	0	-15.2639 	1	1
UL	0.146607	14	6	2	1	5	7	3	0	43	0	0	4.83894 	0	0
DL	0.146607	14	6	2	1	5	5	6	0	70	2	1	10.2246	0	0
DL	0.146696	14	6	2	6	5	5	6	0	70	2	2	10.3186	0	0
DL	0.146714	14	6	2	11	1	5	4	0	103	18	0	17.5582	0	0.0054
DL	0.146732	14	6	2	1	12	4	1	0	403	6	0	10.4402	0	0
UL	0.146732	14	6	2	12	1	5	6	0	36	7	0	10.5792 	0	0
UL	0.146857	14	6	3	1	5	7	3	0	43	0	0	5.01736 	0	0
DL	0.146875	14	6	3	1	6	5	6	0	84	2	0	10.0228	0	0
DL	0.146893	14	6	3	1	7	4	1	0	234	6	0	4.45691	1	1
DL	0.146964	14	6	3	1	11	3	1	0	1394	20	0	21.7709	0	0
DL	0.146982	14	6	3	1	12	8	3	0	107	0	3	-10.6722	1	1
DL	0.146982	14	6	3	7	6	5	4	0	634	18	0	17.5579	0	0.0005
UL	0.146982	14	6	3	8	5	4	4	0	43	0	2	-4.40132 	0	0.0028
DL	0.147125	14	7	0	1	6	5	6	0	269	8	0	10.2293	0	0
DL	0.147214	14	7	0	1	11	4	1	0	369	6	0	10.5161	0	0
DL	0.147232	14	7	0	7	6	5	4	0	634	18	0	17.6481	0	0.0005
UL	0.147232	14	7	0	12	1	4	1	0	80	14	0	11.6302 	1	0.979808
UL	0.147357	14	7	1	1	5	8	3	0	43	0	1	-9.12826 	1	1
DL	0.147446	14	7	1	1	10	5	6	0	566	11	0	10.0422	0	0
DL	0.147464	14	7	1	1	11	3	1	0	1394	20	0	19.8501	0	0.0167294
DL	0.147464	14	7	1	1	11	4	1	0	496	8	0	4.84704	0	0
DL	0.147482	14	7	1	11	2	5	4	0	209	18	0	17.5506	0	0
UL	0.147482	14	7	1	12	1	4	1	0	80	14	0	11.6418 	1	0.979808
DL	0.147714	14	7	2	1	11	4	1	0	157	2	0	10.5821	0	0
DL	0.147732	14	7	2	1	12	5	6	0	542	8	0	10.3015	0	0
UL	0.147732	14	7	2	12	1	4	1	0	80	14	0	11.6058 	1	0.979808
DL	0.147964	14	7	3	1	11	4	1	0	496	8	1	10.5722	0	0.0124
DL	0.147982	14	7	3	1	12	5	6	0	542	8	0	10.4935	0	0
UL	0.147982	14	7	3	12	1	4	1	0	80	14	1	11.6427 	0	0
UL	0.148107	14	8	0	1	5	8	3	0	43	0	2	-9.19444 	1	1
DL	0.148214	14	8	0	1	11	4	1	0	496	8	2	10.6517	0	0.0124
DL	0.148232	14	8	0	1	12	5	6	0	542	8	0	10.463	0	0
UL	0.148232	14	8	0	12	1	4	1	0	80	14	1	11.6456 	0	0
DL	0.148464	14	8	1	1	11	4	1	0	496	8	0	10.6915	0	0.0124
DL	0.148482	14	8	1	1	12	5	6	0	680	11	0	10.3758	0	0
UL	0.148482	14	8	1	12	1	4	1	0	80	14	1	11.7983 	0	0
UL	0.148536	14	8	2	1	1	3	1	0	170	24	0	24.7618 	0	0.01
DL	0.148732	14	8	2	1	12	5	6	0	680	11	0	10.2109	0	0
DL	0.148732	14	8	2	1	12	4	1	0	542	8	0	10.7807	0	0.0128
UL	0.148857	14	8	3	1	5	8	3	0	43	0	3	-9.14345 	1	1
DL	0.148964	14	8	3	1	11	3	1	0	1394	20	0	20.0198	0	0.0167294
DL	0.148982	14	8	3	1	12	5	6	0	680	11	0	9.91939	0	0
DL	0.148982	14	8	3	1	12	4	1	0	542	8	0	5.92738	1	1
DL	0.149232	14	9	0	1	12	5	6	0	680	11	0	10.0483	0	0
DL	0.149232	14	9	0	1	12	4	1	0	542	8	0	10.6486	0	0
DL	0.149464	14	9	1	1	11	3	1	0	1394	20	0	20.0575	0	0
DL	0.149482	14	9	1	1	12	5	6	0	542	8	0	9.78318	0	0
DL	0.149482	14	9	1	1	12	4	1	0	542	8	0	5.92326	1	1
DL	0.149732	14	9	2	1	12	5	6	0	542	8	0	9.81767	0	0
DL	0.149732	14	9	2	1	12	4	1	0	274	4	0	10.7499	0	0
DL	0.149875	14	9	3	1	6	5	6	0	269	8	0	9.65983	0	0
DL	0.149964	14	9	3	1	11	3	1	0	1394	20	0	19.9578	0	0.0167294
DL	0.149982	14	9	3	1	12	4	1	0	542	8	1	6.12355	0	0
DL	0.149982	14	9	3	7	6	5	4	0	634	18	0	17.934	0	0.0005
DL	0.150125	15	0	0	1	6	5	6	0	269	8	0	9.77049	0	0
DL	0.150232	15	0	0	1	12	4	1	0	274	4	0	10.8811	0	0
DL	0.150232	15	0	0	7	6	5	4	0	634	18	0	17.9145	0	0.0005
DL	0.150464	15	0	1	1	11	3	1	0	1394	20	0	19.8852	0	0.0167294
DL	0.150464	15	0	1	1	11	5	6	0	496	8	0	9.62607	0	0
DL	0.150482	15	0	1	1	12	4	1	0	274	4	1	6.14363	0	0
DL	0.150482	15	0	1	12	1	5	4	0	103	18	0	18.1337	0	0.0008
DL	0.150732	15	0	2	1	12	4	1	0	274	4	0	10.9354	0	0
DL	0.150732	15	0	2	1	12	5	6	0	542	8	0	9.85643	0	0
DL	0.150875	15	0	3	1	6	5	6	0	269	8	0	9.6744	0	0
DL	0.150964	15	0	3	1	11	3	1	0	1394	20	0	19.7539	0	0.0167294
DL	0.150982	15	0	3	1	12	4	1	0	542	8	0	6.15311	1	1
DL	0.150982	15	0	3	7	6	5	4	0	634	18	0	18.0806	0	0.0005
DL	0.151125	15	1	0	1	6	5	6	0	269	8	0	9.77887	0	0
DL	0.151232	15	1	0	1	12	4	1	0	274	4	0	10.7661	0	0
DL	0.151232	15	1	0	7	6	5	4	0	634	18	0	18.1354	0	0.0005
DL	0.151375	15	1	1	1	6	5	6	0	269	8	0	9.57495	0	0
DL	0.151464	15	1	1	1	11	3	1	0	1394	20	0	19.6671	0	0.0167294
DL	0.151482	15	1	1	1	12	4	1	0	542	8	0	5.99616	1	1
DL	0.151482	15	1	1	7	6	5	4	0	634	18	0	18.3312	0	0.0005
DL	0.151625	15	1	2	1	6	5	6	0	269	8	0	9.75241	0	0
DL	0.151732	15	1	2	1	12	4	1	0	274	4	0	10.7857	0	0
DL	0.151732	15	1	2	7	6	5	4	0	634	18	0	18.3391	0	0.0005
DL	0.151875	15	1	3	1	6	5	6	0	269	8	0	9.63396	0	0
DL	0.151964	15	1	3	1	11	3	1	0	1394	20	0	19.5399	0	0.0167294
DL	0.151982	15	1	3	1	12	4	1	0	542	8	1	5.9426	0	0
DL	0.151982	15	1	3	7	6	5	4	0	634	18	0	18.3826	0	0.0005
DL	0.152125	15	2	0	1	6	5	6	0	269	8	0	9.72246	0	0
DL	0.152232	15	2	0	1	12	4	1	0	274	4	0	10.7224	0	0
DL	0.152232	15	2	0	7	6	5	4	0	634	18	0	18.5726	0	0.0005
DL	0.152375	15	2	1	1	6	5	6	0	269	8	0	9.65409	0	0
DL	0.152464	15	2	1	1	11	3	1	0	1394	20	0	19.5087	0	0.0167294
DL	0.152482	15	2	1	1	12	4	1	0	274	4	1	6.02978	0	0
DL	0.152482	15	2	1	7	6	5	4	0	634	18	0	18.6386	0	0.0005
DL	0.152625	15	2	2	1	6	5	6	0	269	8	0	9.81667	0	0
DL	0.152732	15	2	2	1	12	4	1	0	274	4	0	10.7997	0	0
DL	0.152732	15	2	2	7	6	5	4	0	634	18	0	18.5991	0	0.0005
DL	0.152875	15	2	3	1	6	5	6	0	269	8	0	9.84631	0	0
DL	0.152982	15	2	3	1	12	4	1	0	542	8	0	10.8053	0	0.0128
DL	0.152982	15	2	3	7	6	5	4	0	634	18	0	18.5703	0	0.0005
DL	0.153125	15	3	0	1	6	5	6	0	269	8	0	9.7554	0	0
DL	0.153232	15	3	0	1	12	4	1	0	274	4	0	10.7306	0	0
DL	0.153232	15	3	0	7	6	5	4	0	634	18	0	18.5868	0	0.0005
DL	0.153429	15	3	1	1	9	5	6	0	405	8	0	9.63531	0	0.0001
DL	0.153464	15	3	1	1	11	3	1	0	1394	20	0	19.5171	0	0.0167294
DL	0.153482	15	3	1	1	12	4	1	0	542	8	0	5.98353	1	1
DL	0.153482	15	3	1	10	3	5	4	0	315	18	0	18.6764	0	0.0001
DL	0.153732	15	3	2	1	12	4	1	0	542	8	0	10.7229	0	0.0128
DL	0.153732	15	3	2	1	12	5	6	0	542	8	0	9.8212	0	0.0128
DL	0.153875	15	3	3	1	6	5	6	0	269	8	0	9.94772	0	0
DL	0.153982	15	3	3	1	12	4	1	0	542	8	0	10.7861	0	0
DL	0.153982	15	3	3	7	6	5	4	0	634	18	0	18.6014	0	0.0005
DL	0.154125	15	4	0	1	6	5	6	0	269	8	0	9.7645	0	0.0599
DL	0.154232	15	4	0	1	12	4	1	0	274	4	0	10.782	0	0
DL	0.154232	15	4	0	7	6	5	4	0	634	18	0	18.6347	0	0.0005
DL	0.154375	15	4	1	1	6	5	6	0	269	8	0	9.57881	0	0.0599
DL	0.154464	15	4	1	1	11	3	1	0	1394	20	0	19.5391	1	0.0167294
DL	0.154482	15	4	1	1	12	4	1	0	274	4	1	5.91017	0	0
DL	0.154482	15	4	1	7	6	5	4	0	634	18	0	18.6096	0	0.0005
DL	0.154625	15	4	2	1	6	5	6	0	269	8	0	9.65637	0	0.0599
DL	0.154732	15	4	2	1	12	4	1	0	542	8	0	10.7514	0	0.0128
DL	0.154732	15	4	2	7	6	5	4	0	634	18	0	18.6991	0	0
DL	0.154875	15	4	3	1	6	5	6	0	269	8	0	9.47925	0	0.0599
DL	0.154964	15	4	3	1	11	3	1	0	1394	20	0	19.6635	0	0.0167294
DL	0.154982	15	4	3	1	12	4	1	0	542	8	0	5.90159	1	1
DL	0.154982	15	4	3	7	6	5	4	0	634	18	0	18.7098	0	0
DL	0.155125	15	5	0	1	6	5	6	0	269	8	0	9.53677	0	0.0599
DL	0.155232	15	5	0	1	12	4	1	0	274	4	0	10.7939	0	0
DL	0.155232	15	5	0	7	6	5	4	0	634	18	0	18.7501	0	0
DL	0.155446	15	5	1	1	10	5	6	0	451	8	0	9.20294	0	0.0756
DL	0.155464	15	5	1	1	11	3	1	0	1394	20	1	19.5001	0	0
DL	0.155482	15	5	1	1	12	4	1	0	542	8	0	5.96981	1	1
DL	0.155482	15	5	1	11	2	5	4	0	209	18	0	18.8315	0	0.0001
DL	0.155714	15	5	2	1	11	3	1	0	1394	20	2	19.6245	0	0.0167294
DL	0.155732	15	5	2	1	12	4	1	0	274	4	0	5.86649	0	0
DL	0.155732	15	5	2	1	12	5	6	0	542	8	0	9.15716	0	0.0128
DL	0.155964	15	5	3	1	11	3	1	0	1394	20	0	19.6665	0	0.0167294
DL	0.155982	15	5	3	1	12	4	1	0	542	8	1	5.84093	0	0
DL	0.155982	15	5	3	1	12	5	6	0	542	8	0	9.20766	0	0.0128
DL	0.156232	15	6	0	1	12	4	1	0	274	4	0	10.7454	0	0
DL	0.156232	15	6	0	1	12	5	6	0	542	8	0	9.25144	0	0.0128
DL	0.156482	15	6	1	1	12	4	1	0	274	4	1	10.6322	0	0
DL	0.156482	15	6	1	1	12	5	6	0	542	8	0	9.30257	0	0.0128
DL	0.156625	15	6	2	1	6	5	6	0	269	8	0	9.11402	0	0.0599
UL	0.156714	15	6	2	7	5	5	6	0	43	0	0	11.4304 	0	0
DL	0.156732	15	6	2	1	12	4	1	0	274	4	0	12.0206	0	0
UL	0.156732	15	6	2	12	1	5	4	0	89	15	0	17.4036 	0	0.285795
DL	0.156893	15	6	3	1	7	5	6	0	315	8	0	8.87627	0	0.102311
DL	0.156964	15	6	3	1	11	3	1	0	1394	20	0	19.8887	0	0
DL	0.156982	15	6	3	1	12	4	1	0	542	8	0	7.00922	1	1
UL	0.156982	15	6	3	8	5	5	6	0	43	0	0	11.306 	0	0
DL	0.157143	15	7	0	1	7	5	6	0	315	8	0	8.8516	1	0.424497
DL	0.157232	15	7	0	1	12	4	1	0	542	8	0	11.993	0	0
UL	0.157232	15	7	0	8	5	5	6	0	43	0	0	11.1689 	0	0
DL	0.157482	15	7	1	1	12	4	1	0	680	11	0	10.9169	0	0
DL	0.157482	15	7	1	1	12	5	6	0	403	6	0	8.71486	0	0
DL	0.157732	15	7	2	1	12	4	1	0	274	4	0	10.9875	0	0
DL	0.157732	15	7	2	1	12	5	6	0	403	6	0	8.84395	0	0
DL	0.157875	15	7	3	1	6	5	6	0	200	6	0	8.69708	0	0
DL	0.157964	15	7	3	1	11	3	1	0	1394	20	0	19.9334	0	0
DL	0.157982	15	7	3	1	12	4	1	0	680	11	1	6.22477	1	1
DL	0.157982	15	7	3	7	6	5	4	0	634	18	0	19.1486	0	0
DL	0.158143	15	8	0	1	7	5	6	0	315	8	1	8.7482	0	0
DL	0.158196	15	8	0	8	3	5	4	0	315	18	0	19.1843	0	0.0001
DL	0.158214	15	8	0	1	11	4	1	0	496	8	0	11.2167	0	0
UL	0.158232	15	8	0	12	1	4	1	0	70	13	0	10.7171 	1	0.84375
DL	0.158393	15	8	1	1	7	5	6	0	315	8	2	8.60328	1	0.424497
DL	0.158446	15	8	1	8	3	5	4	0	315	18	0	19.2616	0	0.0001
DL	0.158464	15	8	1	1	11	3	1	0	1394	20	0	19.8047	0	0
DL	0.158464	15	8	1	1	11	4	1	0	496	8	0	5.38403	1	1
UL	0.158482	15	8	1	12	1	4	1	0	70	13	0	10.7377 	1	0.84375
DL	0.158714	15	8	2	1	11	5	6	0	369	6	0	8.64698	0	0
DL	0.158714	15	8	2	1	11	4	1	0	251	4	0	10.9341	0	0
DL	0.158732	15	8	2	12	1	5	4	0	103	18	0	19.2682	0	0.0001
UL	0.158732	15	8	2	12	1	4	1	0	70	13	0	10.5781 	1	0.84375
DL	0.158964	15	8	3	1	11	4	1	0	496	8	1	10.8587	0	0
DL	0.158982	15	8	3	1	12	5	6	0	403	6	0	8.57948	0	0
UL	0.158982	15	8	3	12	1	4	1	0	70	13	1	10.5833 	0	0
DL	0.159214	15	9	0	1	11	4	1	0	496	8	2	10.8299	0	0
DL	0.159232	15	9	0	1	12	5	6	0	403	6	0	8.46115	0	0
UL	0.159232	15	9	0	12	1	4	1	0	70	13	1	10.69 	0	0
DL	0.159375	15	9	1	1	6	5	6	0	200	6	0	8.35119	0	0
DL	0.159464	15	9	1	1	11	4	1	0	496	8	0	11.0524	0	0
DL	0.159482	15	9	1	7	6	5	4	0	634	18	0	19.0631	0	0.0005
UL	0.159482	15	9	1	12	1	4	1	0	70	13	1	10.7654 	0	0
UL	0.159536	15	9	2	1	1	3	1	0	170	24	0	24.5587 	0	0.0458
DL	0.159625	15	9	2	1	6	5	6	0	200	6	0	8.30783	0	0
DL	0.159732	15	9	2	1	12	4	1	0	542	8	0	11.0909	0	0
DL	0.159732	15	9	2	7	6	5	4	0	634	18	0	19.032	0	0.0005
DL	0.159875	15	9	3	1	6	5	6	0	200	6	0	8.27936	0	0
DL	0.159982	15	9	3	1	12	4	1	0	542	8	0	11.0587	0	0
DL	0.159982	15	9	3	7	6	5	4	0	634	18	0	18.9173	0	0.0005
DL	0.160125	16	0	0	1	6	5	6	0	200	6	0	8.18683	0	0
DL	0.160232	16	0	0	1	12	4	1	0	542	8	0	11.0832	0	0
DL	0.160232	16	0	0	7	6	5	4	0	634	18	0	18.9616	0	0.0005
DL	0.160375	16	0	1	1	6	5	6	0	200	6	0	8.18871	0	0
DL	0.160464	16	0	1	1	11	3	1	0	1394	20	0	19.0375	0	0.0167294
DL	0.160482	16	0	1	1	12	4	1	0	542	8	0	6.3483	1	1
DL	0.160482	16	0	1	7	6	5	4	0	634	18	0	19.2184	0	0
DL	0.160625	16	0	2	1	6	5	6	0	200	6	0	8.27884	0	0
DL	0.160732	16	0	2	1	12	4	1	0	542	8	0	11.318	0	0
DL	0.160732	16	0	2	7	6	5	4	0	634	18	0	19.2002	0	0.0005
DL	0.160875	16	0	3	1	6	5	6	0	200	6	0	8.19433	0	0
DL	0.160964	16	0	3	1	11	3	1	0	1394	20	0	19.0127	0	0.0167294
DL	0.160982	16	0	3	1	12	4	1	0	542	8	0	6.38176	0	0
DL	0.160982	16	0	3	7	6	5	4	0	634	18	0	19.2578	0	0
DL	0.161125	16	1	0	1	6	5	6	0	200	6	0	8.23874	0	0
DL	0.161232	16	1	0	1	12	4	1	0	274	4	0	11.1527	0	0
DL	0.161232	16	1	0	7	6	5	4	0	634	18	0	19.3273	0	0
DL	0.161375	16	1	1	1	6	5	6	0	200	6	0	8.30779	0	0
DL	0.161482	16	1	1	1	12	4	1	0	274	4	1	11.2544	0	0
DL	0.161482	16	1	1	7	6	5	4	0	634	18	0	19.3432	0	0
DL	0.161625	16	1	2	1	6	5	6	0	200	6	0	8.27687	0	0
DL	0.161732	16	1	2	1	12	4	1	0	274	4	0	11.1738	0	0
DL	0.161732	16	1	2	7	6	5	4	0	634	18	0	19.4284	0	0
DL	0.161875	16	1	3	1	6	5	6	0	200	6	0	8.36772	0	0
DL	0.161982	16	1	3	1	12	4	1	0	680	11	0	11.2421	0	0
DL	0.161982	16	1	3	7	6	5	4	0	634	18	0	19.5086	0	0
DL	0.162125	16	2	0	1	6	5	6	0	200	6	0	8.27683	0	0
DL	0.162232	16	2	0	1	12	4	1	0	680	11	0	11.2668	0	0
DL	0.162232	16	2	0	7	6	5	4	0	759	20	0	19.5678	0	0.0011
DL	0.162375	16	2	1	1	6	5	6	0	200	6	0	8.32726	0	0
DL	0.162482	16	2	1	1	12	4	1	0	680	11	0	11.1952	0	0
DL	0.162482	16	2	1	7	6	5	4	0	759	20	0	19.684	0	0.0011
DL	0.162625	16	2	2	1	6	5	6	0	200	6	0	8.25392	0	0
DL	0.162732	16	2	2	1	12	4	1	0	680	11	0	11.193	0	0
DL	0.162732	16	2	2	7	6	5	4	0	759	20	0	19.7184	0	0.0011
DL	0.162964	16	2	3	1	11	5	6	0	369	6	0	8.22386	0	0
DL	0.162982	16	2	3	1	12	4	1	0	680	11	0	11.2194	0	0
DL	0.162982	16	2	3	12	1	5	4	0	124	20	0	19.6906	1	0.169257
DL	0.163232	16	3	0	1	12	4	1	0	680	11	0	11.2551	0	0
DL	0.163232	16	3	0	1	12	5	6	0	403	6	0	8.27664	0	0
DL	0.163464	16	3	1	1	11	3	1	0	1394	20	0	18.7963	0	0.488872
DL	0.163482	16	3	1	1	12	4	1	0	680	11	0	6.11637	1	1
DL	0.163482	16	3	1	1	12	5	6	0	403	6	0	8.17706	0	0
DL	0.163732	16	3	2	1	12	4	1	0	680	11	0	11.1979	0	0
DL	0.163732	16	3	2	1	12	5	6	0	403	6	0	8.36208	0	0
DL	0.163786	16	3	3	1	1	5	4	0	124	20	1	19.1418	0	0
DL	0.163804	16	3	3	2	1	5	4	0	124	20	2	19.1758	0	0.169257
DL	0.163893	16	3	3	3	5	5	6	0	166	6	0	8.80997	0	0
DL	0.163982	16	3	3	1	12	4	1	0	680	11	0	11.3092	0	0
DL	0.163982	16	3	3	8	5	5	4	0	632	20	0	19.1175	0	0.0365
DL	0.164125	16	4	0	1	6	5	6	0	200	6	0	8.47784	0	0
DL	0.164232	16	4	0	1	12	4	1	0	274	4	0	11.2504	0	0
DL	0.164232	16	4	0	7	6	5	4	0	759	20	0	19.5546	0	0.0011
DL	0.164482	16	4	1	1	12	3	1	0	1272	18	0	18.6576	0	0
DL	0.164482	16	4	1	1	12	4	1	0	274	4	1	5.25435	0	0.001
DL	0.164482	16	4	1	1	12	5	6	0	403	6	0	8.26323	0	0
DL	0.164536	16	4	2	1	1	3	1	0	103	18	0	18.6159	0	0.0001
DL	0.164732	16	4	2	1	12	4	1	0	680	11	0	10.8981	0	0
DL	0.164732	16	4	2	1	12	5	6	0	403	6	0	8.36733	0	0
DL	0.164982	16	4	3	1	12	4	1	0	680	11	0	11.1872	0	0
DL	0.164982	16	4	3	1	12	5	6	0	403	6	0	8.38508	0	0
DL	0.165232	16	5	0	1	12	4	1	0	274	4	0	11.135	0	0
DL	0.165232	16	5	0	1	12	5	6	0	403	6	0	8.38612	0	0
DL	0.165375	16	5	1	1	6	5	6	0	200	6	0	8.31966	0	0
DL	0.165482	16	5	1	1	12	3	1	0	1272	18	0	18.7465	0	0
DL	0.165482	16	5	1	1	12	4	1	0	680	11	0	5.27287	1	1
DL	0.165482	16	5	1	7	6	5	4	0	759	20	0	19.4424	0	0.0011
DL	0.165536	16	5	2	1	1	3	1	0	103	18	0	18.7801	0	0.0001
DL	0.165643	16	5	2	1	7	5	6	0	234	6	0	8.43045	0	0
DL	0.165732	16	5	2	1	12	4	1	0	680	11	0	10.9842	0	0
DL	0.165732	16	5	2	8	5	5	4	0	632	20	0	19.4676	0	0.0001
DL	0.165875	16	5	3	1	6	5	4	0	759	20	0	18.9269	0	0.0011
DL	0.165982	16	5	3	1	12	4	1	0	680	11	0	11.2097	0	0
DL	0.165982	16	5	3	7	6	5	6	0	200	6	0	8.68528	0	0
DL	0.166107	16	6	0	1	5	5	4	0	632	20	0	18.755	0	0.0365
DL	0.166232	16	6	0	1	12	4	1	0	274	4	0	11.3276	0	0
DL	0.166232	16	6	0	6	7	5	6	0	234	6	0	8.64914	0	0
DL	0.166375	16	6	1	1	6	5	4	0	759	20	0	18.7959	0	0.0011
DL	0.166482	16	6	1	1	12	4	1	0	274	4	1	11.2631	0	0
DL	0.166482	16	6	1	7	6	5	6	0	200	6	0	8.5832	0	0
DL	0.166607	16	6	2	1	5	5	4	0	632	20	0	17.1595	1	1
DL	0.166732	16	6	2	1	12	7	1	0	107	0	0	-0.791185	1	0.999039
DL	0.166732	16	6	2	1	12	4	1	0	680	11	0	11.2153	0	0
DL	0.166732	16	6	2	6	7	5	6	0	234	6	0	8.6336	0	0
DL	0.166982	16	6	3	1	12	7	1	0	107	0	0	-0.792771	1	0.999039
DL	0.166982	16	6	3	1	12	4	1	0	680	11	0	11.3428	0	0
DL	0.166982	16	6	3	1	12	5	6	0	403	6	0	-0.371732	1	1
DL	0.167214	16	7	0	1	11	5	6	0	369	6	0	-0.284614	1	1
DL	0.167232	16	7	0	1	12	7	1	0	107	0	0	-0.741247	1	0.999039
DL	0.167232	16	7	0	1	12	4	1	0	680	11	0	11.6887	0	0
UL	0.167232	16	7	0	12	1	5	6	0	80	14	0	11.9053 	0	0.167277
DL	0.167357	16	7	1	1	5	5	4	0	632	20	1	18.4056	0	0
DL	0.167446	16	7	1	6	5	5	4	0	632	20	2	18.4581	0	0.0365
DL	0.167464	16	7	1	11	1	5	6	0	30	6	0	8.51791	0	0.0006
DL	0.167482	16	7	1	1	12	3	1	0	1272	18	0	18.618	0	0
DL	0.167482	16	7	1	1	12	4	1	0	680	11	0	5.76777	1	1
UL	0.167482	16	7	1	12	1	5	6	0	80	14	0	11.9676 	0	0.167277
DL	0.167536	16	7	2	1	1	3	1	0	103	18	0	18.2458	0	0.0008
DL	0.167607	16	7	2	1	5	5	4	0	459	15	0	17.0394	0	0
DL	0.167714	16	7	2	6	6	5	3	0	52	0	0	-0.779493	1	0.791149
DL	0.167732	16	7	2	1	12	7	1	0	107	0	1	-0.852922	0	0
DL	0.167732	16	7	2	1	12	4	1	0	680	11	0	11.5189	0	0
UL	0.167732	16	7	2	12	1	5	4	0	89	15	0	16.7278 	0	0.285795
DL	0.167982	16	7	3	1	12	7	1	0	107	0	1	-0.878935	0	0
DL	0.167982	16	7	3	1	12	4	1	0	680	11	0	11.6236	0	0
DL	0.167982	16	7	3	1	12	5	6	0	403	6	1	-0.367879	0	0.0002
DL	0.168214	16	8	0	1	11	5	6	0	369	6	1	-0.335483	0	0
DL	0.168232	16	8	0	1	12	7	1	0	107	0	1	-0.876612	0	0
DL	0.168232	16	8	0	1	12	4	1	0	274	4	0	11.703	0	0
DL	0.168232	16	8	0	12	1	5	3	0	6	0	0	-0.705689	0	0.957407
DL	0.168464	16	8	1	1	11	5	6	0	369	6	2	8.004	0	0
DL	0.168482	16	8	1	1	12	3	1	0	1272	18	0	18.6884	0	0
DL	0.168482	16	8	1	1	12	4	1	0	274	4	1	5.93318	0	0
DL	0.168482	16	8	1	12	1	5	4	0	89	15	0	18.9865	0	0
DL	0.168536	16	8	2	1	1	3	1	0	103	18	0	18.6705	0	0.0001
DL	0.168625	16	8	2	1	6	5	3	0	52	0	1	-2.00851	0	0
DL	0.168732	16	8	2	1	12	4	1	0	680	11	0	11.4156	0	0
DL	0.168732	16	8	2	7	6	5	3	0	52	0	2	-1.23017	1	1
UL	0.168857	16	8	3	1	5	7	1	0	43	0	0	-0.568132 	1	0.572072
DL	0.168964	16	8	3	1	11	4	1	0	623	11	0	5.83706	1	1
DL	0.168982	16	8	3	1	12	3	1	0	1272	18	0	19.5189	0	0
DL	0.168982	16	8	3	1	12	5	4	0	1105	15	0	18.3044	0	0
UL	0.168982	16	8	3	12	1	4	1	0	61	12	0	10.5178 	0	0.0824
DL	0.169036	16	9	0	1	1	3	1	0	103	18	0	18.7946	0	0.0001
DL	0.169089	16	9	0	1	4	5	4	0	505	20	0	18.4238	0	0.232339
UL	0.169107	16	9	0	1	5	7	1	0	43	0	0	-0.497532 	1	0.572072
DL	0.169107	16	9	0	1	5	4	1	0	112	4	0	10.9901	0	0
DL	0.169161	16	9	0	5	4	5	5	0	33	0	0	-14.6883	1	1
DL	0.169214	16	9	0	6	6	4	3	0	52	0	0	-3.18072	1	0.791149
DL	0.169232	16	9	0	9	4	5	6	0	132	6	0	8.33267	0	0
UL	0.169232	16	9	0	12	1	4	1	0	61	12	0	10.5834 	0	0.0824
DL	0.169339	16	9	1	1	4	5	4	0	505	20	0	18.378	1	0.232339
UL	0.169357	16	9	1	1	5	7	1	0	43	0	0	-0.432749 	1	0.572072
DL	0.169357	16	9	1	1	5	4	1	0	281	11	0	6.07185	1	1
DL	0.169411	16	9	1	5	4	5	5	0	33	0	0	-14.7195	1	1
DL	0.169464	16	9	1	6	6	4	3	0	52	0	0	-3.24609	1	1
DL	0.169482	16	9	1	1	12	3	1	0	1272	18	0	19.4288	0	0
DL	0.169482	16	9	1	9	4	5	6	0	132	6	0	8.25957	0	0
UL	0.169482	16	9	1	12	1	4	1	0	61	12	0	10.5207 	0	0.0824
DL	0.169536	16	9	2	1	1	3	1	0	124	20	0	18.732	1	0.564159
DL	0.169571	16	9	2	1	3	5	4	0	378	20	0	18.4126	0	0.0437
UL	0.169607	16	9	2	1	5	7	1	0	43	0	1	-0.384281 	0	0
DL	0.169625	16	9	2	1	6	4	1	0	135	4	0	11.1474	0	0
DL	0.169625	16	9	2	4	3	5	5	0	24	0	0	-13.3011	1	1
DL	0.169679	16	9	2	7	3	5	6	0	98	6	0	7.90865	0	0
DL	0.169732	16	9	2	7	6	4	3	0	52	0	0	-3.30923	1	1
UL	0.169732	16	9	2	10	3	5	3	0	24	0	0	0.18527 	1	0.424834
UL	0.169857	16	9	3	1	5	7	1	0	43	0	1	-0.334895 	0	0
DL	0.169857	16	9	3	1	5	4	1	0	281	11	1	6.08831	0	0
DL	0.169875	16	9	3	1	6	5	4	0	759	20	0	18.3077	0	0.0011
DL	0.169946	16	9	3	6	5	4	1	0	281	11	2	6.07702	1	1
DL	0.169982	16	9	3	1	12	3	1	0	1272	18	0	20.1183	0	0
DL	0.169982	16	9	3	7	6	5	6	0	200	6	0	8.10169	0	0
DL	0.170036	17	0	0	1	1	3	1	0	124	20	0	18.064	0	0.564159
DL	0.170089	17	0	0	1	4	5	4	0	505	20	1	16.6555	0	0
DL	0.170125	17	0	0	1	6	4	3	0	52	0	1	-10.8032	1	0.791149
DL	0.170143	17	0	0	1	7	7	4	0	61	0	0	-12.1627	1	1
DL	0.170161	17	0	0	5	4	5	4	0	505	20	2	17.2654	1	0.999039
DL	0.170232	17	0	0	7	6	4	3	0	52	0	2	-4.10216	0	0
UL	0.170232	17	0	0	8	5	7	1	0	43	0	1	-0.412218 	0	0
DL	0.170232	17	0	0	9	4	5	5	0	33	0	1	-13.449	1	1
DL	0.170286	17	0	1	1	1	3	1	0	124	20	1	18.0929	0	0
DL	0.170304	17	0	1	2	1	3	1	0	124	20	2	18.0897	1	0.564159
DL	0.170339	17	0	1	1	4	5	5	0	33	0	1	-22.3642	1	1
DL	0.170375	17	0	1	1	6	4	3	0	52	0	1	-10.8979	1	1
DL	0.170411	17	0	1	5	4	5	5	0	33	0	2	-22.4322	1	1
DL	0.170464	17	0	1	9	3	5	5	0	24	0	1	-22.362	1	1
DL	0.170482	17	0	1	1	12	7	4	0	107	0	0	-12.1201	1	1
DL	0.170482	17	0	1	3	10	3	1	0	1059	18	0	18.054	0	0.00019999
DL	0.170482	17	0	1	7	6	4	3	0	52	0	2	-10.9989	1	1
DL	0.170482	17	0	1	12	1	5	4	0	124	20	0	19.008	0	0.0189
DL	0.170554	17	0	2	1	2	3	1	0	297	22	0	17.9892	1	1
DL	0.170571	17	0	2	1	3	5	5	0	24	0	2	-18.9738	1	1
UL	0.170571	17	0	2	3	1	3	1	0	170	24	0	23.7904 	0	0.602488
DL	0.170625	17	0	2	1	6	4	3	0	52	0	1	-10.9919	1	1
DL	0.170625	17	0	2	4	3	5	6	0	98	6	0	8.24581	0	0
DL	0.170679	17	0	2	7	3	5	4	0	378	20	0	18.5909	0	0.0437
DL	0.170732	17	0	2	1	12	7	4	0	107	0	0	-5.13725	1	1
DL	0.170732	17	0	2	7	6	4	3	0	52	0	2	-11.0355	1	1
UL	0.170732	17	0	2	10	3	5	3	0	24	0	1	0.119325 	0	0
DL	0.170875	17	0	3	1	6	4	3	0	52	0	3	-3.64739	1	1
DL	0.170875	17	0	3	1	6	5	4	0	634	18	0	18.4848	0	0
DL	0.170929	17	0	3	7	3	4	4	0	24	0	0	-4.95289	1	1
DL	0.170982	17	0	3	7	6	5	6	0	200	6	0	7.868	0	0
DL	0.170982	17	0	3	10	3	4	1	0	66	4	0	14.2749	0	0
UL	0.171036	17	1	0	1	1	3	1	0	170	24	0	23.9661 	0	0.602488
DL	0.171089	17	1	0	1	4	5	5	0	33	0	2	-15.623	1	1
DL	0.171125	17	1	0	1	6	4	3	0	52	0	3	-11.0815	1	1
DL	0.171143	17	1	0	1	7	7	4	0	61	0	1	-11.9392	1	1
DL	0.171161	17	1	0	5	4	5	5	0	33	0	3	-15.5632	1	1
DL	0.171161	17	1	0	7	2	4	4	0	15	0	0	-2.59329	1	1
DL	0.171196	17	1	0	9	2	4	1	0	43	4	0	11.911	0	0
DL	0.171232	17	1	0	9	4	5	5	0	33	0	3	-14.1155	1	1
UL	0.171232	17	1	0	11	2	4	3	0	15	0	0	-3.69671 	1	1
DL	0.171304	17	1	1	1	2	3	1	0	297	22	1	18.1465	0	0
DL	0.171321	17	1	1	1	3	5	5	0	24	0	3	-22.2584	1	1
DL	0.171339	17	1	1	3	2	3	1	0	297	22	2	18.1202	1	1
DL	0.171375	17	1	1	1	6	4	3	0	52	0	3	-11.2147	1	1
DL	0.171393	17	1	1	1	7	7	4	0	61	0	2	-12.1343	1	1
DL	0.171411	17	1	1	4	5	5	6	0	166	6	0	8.01245	0	0
DL	0.171411	17	1	1	7	2	4	4	0	15	0	0	-2.67198	1	1
DL	0.171446	17	1	1	9	2	4	1	0	43	4	0	11.8825	0	0
DL	0.171482	17	1	1	5	8	3	1	0	847	18	0	20.437	0	0
DL	0.171482	17	1	1	9	4	5	4	0	505	20	0	18.5705	0	0.232339
UL	0.171482	17	1	1	11	2	4	3	0	15	0	0	-3.65901 	1	1
DL	0.171589	17	1	2	1	4	4	1	0	292	13	0	6.14064	1	1
DL	0.171607	17	1	2	1	5	3	1	0	528	18	0	19.3608	0	0
DL	0.171625	17	1	2	1	6	5	4	0	759	20	0	16.6061	1	1
DL	0.171732	17	1	2	1	12	7	4	0	107	0	1	-11.8543	1	1
DL	0.171732	17	1	2	7	6	5	6	0	200	6	0	8.25241	0	0
DL	0.171821	17	1	3	1	3	4	4	0	24	0	1	-24.0648	1	1
DL	0.171875	17	1	3	1	6	7	2	0	52	0	0	-40.6661	1	1
DL	0.171875	17	1	3	1	6	5	4	0	759	20	0	14.9594	1	1
DL	0.171875	17	1	3	4	3	4	4	0	24	0	2	-24.0516	1	1
DL	0.171946	17	1	3	7	4	4	1	0	224	11	0	11.8035	0	0
DL	0.171982	17	1	3	1	12	8	2	0	107	0	0	-26.7728	1	1
DL	0.171982	17	1	3	1	12	3	1	0	1272	18	0	18.7943	0	0
DL	0.171982	17	1	3	7	6	7	3	0	52	0	0	2.39564	0	0
DL	0.171982	17	1	3	7	6	5	6	0	200	6	0	-0.110166	1	1
UL	0.171982	17	1	3	11	2	4	3	0	15	0	1	-3.39769 	0	0.271552
DL	0.172036	17	2	0	1	1	3	1	0	147	22	0	17.869	1	1
DL	0.172054	17	2	0	1	2	4	4	0	15	0	1	-23.0869	1	1
DL	0.172089	17	2	0	3	2	4	4	0	15	0	2	-22.2497	1	1
DL	0.172125	17	2	0	1	6	5	4	0	759	20	0	15.1144	1	1
DL	0.172143	17	2	0	1	7	7	4	0	61	0	3	-11.7095	1	1
DL	0.172196	17	2	0	5	6	4	1	0	338	11	0	12.8824	0	0
DL	0.172196	17	2	0	8	3	7	2	0	24	0	0	-5.54638	1	1
DL	0.172232	17	2	0	1	12	8	2	0	107	0	0	-24.5996	1	1
DL	0.172232	17	2	0	7	6	5	6	0	200	6	0	3.007	1	1
UL	0.172232	17	2	0	11	2	4	3	0	15	0	1	-3.51595 	0	0.271552
DL	0.172232	17	2	0	11	2	7	3	0	15	0	0	4.47419	0	0
DL	0.172304	17	2	1	1	2	4	4	0	15	0	1	-23.9831	1	1
DL	0.172339	17	2	1	3	2	4	4	0	15	0	2	-23.972	1	1
DL	0.172375	17	2	1	1	6	5	4	0	759	20	1	15.1454	0	0
DL	0.172375	17	2	1	1	6	7	3	0	52	0	0	-6.61218	1	1
DL	0.172411	17	2	1	5	4	4	1	0	292	13	1	13.2414	0	0
DL	0.172464	17	2	1	1	11	3	1	0	1394	20	0	17.9557	1	0.988037
DL	0.172482	17	2	1	1	12	8	2	0	107	0	0	-27.2348	1	1
DL	0.172482	17	2	1	7	6	5	4	0	759	20	2	15.1164	1	1
DL	0.172482	17	2	1	7	6	7	2	0	52	0	0	-40.7573	1	1
DL	0.172482	17	2	1	9	4	4	1	0	292	13	2	11.8988	0	0.0827
DL	0.172571	17	2	2	1	3	4	4	0	24	0	3	-21.7509	1	1
DL	0.172625	17	2	2	1	6	5	4	0	759	20	1	15.0171	0	0
DL	0.172732	17	2	2	1	12	8	3	0	107	0	0	-10.7735	1	0.999039
DL	0.172732	17	2	2	1	12	7	4	0	107	0	2	-11.5642	1	1
DL	0.172732	17	2	2	4	9	4	1	0	509	11	0	12.925	0	0
DL	0.172732	17	2	2	7	6	5	4	0	759	20	2	14.9536	1	1
DL	0.172786	17	2	3	1	1	3	1	0	147	22	1	17.8919	0	0
DL	0.172804	17	2	3	1	2	4	4	0	15	0	3	-23.6964	1	1
DL	0.172804	17	2	3	2	1	3	1	0	147	22	2	17.8662	1	1
DL	0.172875	17	2	3	1	6	5	4	0	759	20	1	14.9319	0	0
DL	0.172893	17	2	3	1	7	7	3	0	158	4	0	-6.59297	1	1
DL	0.172982	17	2	3	1	12	8	2	0	107	0	1	-27.4272	1	1
DL	0.172982	17	2	3	3	10	4	1	0	736	13	0	6.79497	1	1
DL	0.172982	17	2	3	3	10	3	1	0	1059	18	0	18.0542	0	0.00019999
DL	0.172982	17	2	3	7	6	5	4	0	759	20	2	16.1722	1	1
UL	0.172982	17	2	3	8	5	7	3	0	43	0	0	4.66839 	0	0
DL	0.173054	17	3	0	1	2	4	4	0	15	0	3	-23.6031	1	1
DL	0.173071	17	3	0	1	3	3	1	0	315	18	0	17.8375	0	0.0001
DL	0.173125	17	3	0	1	6	5	6	0	200	6	1	0.212991	0	0
DL	0.173125	17	3	0	1	6	7	3	0	52	0	1	-5.78522	1	1
DL	0.173232	17	3	0	1	12	8	2	0	107	0	1	-26.201	1	1
DL	0.173232	17	3	0	3	10	4	1	0	566	11	0	13.1171	0	0
DL	0.173232	17	3	0	7	6	5	6	0	200	6	2	0.127254	1	1
DL	0.173232	17	3	0	7	6	7	3	0	52	0	2	-4.98387	1	0.791149
DL	0.173375	17	3	1	1	6	5	4	0	759	20	3	14.7759	0	0
DL	0.173375	17	3	1	1	6	7	2	0	52	0	1	-40.7822	1	1
DL	0.173446	17	3	1	7	4	5	6	0	55	2	0	0.190986	0	0
DL	0.173464	17	3	1	1	11	3	1	0	1394	20	1	17.7844	0	0
DL	0.173482	17	3	1	1	12	8	2	0	107	0	1	-27.2152	1	1
DL	0.173482	17	3	1	1	12	4	1	0	884	13	0	7.65003	1	1
DL	0.173482	17	3	1	7	6	7	2	0	52	0	2	-10.7667	1	1
DL	0.173625	17	3	2	1	6	5	6	0	84	2	0	0.20943	1	1
DL	0.173714	17	3	2	1	11	3	1	0	1394	20	2	17.7498	1	0.988037
DL	0.173732	17	3	2	1	12	8	3	0	107	0	1	-14.7172	1	0.999039
DL	0.173732	17	3	2	1	12	4	1	0	274	4	0	7.20799	0	0
DL	0.173732	17	3	2	1	12	7	4	0	107	0	3	-11.694	1	0.999039
DL	0.173732	17	3	2	7	6	5	4	0	551	15	0	18.6455	0	0
DL	0.173893	17	3	3	1	7	7	3	0	158	4	1	-6.79197	1	1
UL	0.173929	17	3	3	8	2	7	3	0	43	4	0	4.5025 	0	0.0028
DL	0.173946	17	3	3	1	10	4	1	0	736	13	1	6.48068	0	0
DL	0.173982	17	3	3	1	12	3	1	0	1272	18	0	19.3629	0	0
DL	0.173982	17	3	3	1	12	8	2	0	107	0	2	-26.6405	1	1
DL	0.173982	17	3	3	1	12	5	4	0	1105	15	0	15.4798	0	0
DL	0.174036	17	4	0	1	1	3	1	0	103	18	0	17.849	0	0.0008
DL	0.174143	17	4	0	1	7	7	3	0	158	4	2	-5.46162	1	1
DL	0.174196	17	4	0	1	10	4	1	0	736	13	2	13.0781	0	0
DL	0.174232	17	4	0	1	12	8	2	0	107	0	2	-22.2598	1	1
DL	0.174375	17	4	1	1	6	5	6	0	84	2	1	0.263661	0	0
DL	0.174375	17	4	1	1	6	7	3	0	52	0	3	-5.398	0	0.0014
DL	0.174482	17	4	1	1	12	4	1	0	884	13	1	11.5273	0	0
DL	0.174482	17	4	1	1	12	8	2	0	107	0	2	-26.0503	1	1
DL	0.174482	17	4	1	7	6	5	6	0	84	2	2	0.256413	1	1
DL	0.174482	17	4	1	7	6	7	2	0	52	0	3	-40.7167	1	1
DL	0.174732	17	4	2	1	12	4	1	0	274	4	0	11.5507	0	0
DL	0.174732	17	4	2	1	12	8	3	0	107	0	2	-10.2719	1	0.700137
DL	0.174732	17	4	2	1	12	5	4	0	884	13	0	16.3298	0	0
DL	0.174893	17	4	3	1	7	7	3	0	158	4	3	-5.22959	0	0.0019
DL	0.174893	17	4	3	1	7	5	4	0	514	13	0	14.8187	0	0
DL	0.174982	17	4	3	1	12	4	1	0	884	13	0	12.2389	0	0.0001
DL	0.174982	17	4	3	1	12	8	2	0	107	0	3	-25.4241	1	1
DL	0.175232	17	5	0	1	12	4	1	0	680	11	0	13.1766	0	0
DL	0.175232	17	5	0	1	12	8	2	0	107	0	3	-24.5018	1	1
DL	0.175482	17	5	1	1	12	4	1	0	680	11	0	13.182	0	0
DL	0.175482	17	5	1	1	12	8	2	0	107	0	3	-24.4533	1	1
DL	0.175732	17	5	2	1	12	4	1	0	884	13	0	13.1162	0	0
DL	0.175732	17	5	2	1	12	8	3	0	107	0	3	-10.1168	0	0.048
DL	0.175982	17	5	3	1	12	3	1	0	1272	18	0	19.1273	0	0
DL	0.175982	17	5	3	1	12	4	1	0	884	13	0	7.11816	1	1
DL	0.176036	17	6	0	1	1	3	1	0	103	18	0	19.2647	0	0
DL	0.176232	17	6	0	1	12	4	1	0	884	13	0	13.79	0	0
DL	0.176482	17	6	1	1	12	5	4	0	884	13	0	18.0688	0	0
DL	0.176482	17	6	1	1	12	3	1	0	1272	18	0	19.2767	0	0
DL	0.176482	17	6	1	1	12	4	1	0	884	13	0	6.33055	1	1
DL	0.176536	17	6	2	1	1	3	1	0	124	20	0	19.3485	0	0
DL	0.176643	17	6	2	1	7	5	4	0	514	13	0	18.1853	0	0
DL	0.176732	17	6	2	1	12	4	1	0	274	4	0	12.6878	0	0
UL	0.176857	17	6	3	1	5	8	3	0	43	0	0	-9.45829 	1	1
DL	0.176982	17	6	3	1	12	5	4	0	884	13	0	18.2052	0	0
DL	0.176982	17	6	3	1	12	4	1	0	884	13	1	11.84	1	0.370968
DL	0.177107	17	7	0	1	5	5	4	0	528	18	0	18.2666	0	0
DL	0.177232	17	7	0	1	12	4	1	0	274	4	0	13.141	0	0
DL	0.177464	17	7	1	1	11	3	1	0	1394	20	0	19.2999	0	0.0167294
DL	0.177482	17	7	1	1	12	5	4	0	1272	18	0	18.0258	0	0.00099975
DL	0.177482	17	7	1	1	12	4	1	0	884	13	1	7.40001	0	0
DL	0.177536	17	7	2	1	1	5	4	0	103	18	0	18.1747	0	0.0001
UL	0.177607	17	7	2	1	5	8	3	0	43	0	1	-9.48531 	1	1
DL	0.177732	17	7	2	1	12	4	1	0	680	11	0	13.9446	0	0
DL	0.177964	17	7	3	1	11	3	1	0	1394	20	0	19.4394	0	0.0167294
DL	0.177982	17	7	3	1	12	4	1	0	274	4	1	8.57762	0	0
DL	0.178232	17	8	0	1	12	4	1	0	403	6	0	14.106	0	0
UL	0.178357	17	8	1	1	5	8	3	0	43	0	2	-9.34185 	1	1
DL	0.178482	17	8	1	1	12	5	4	0	1272	18	0	18.5115	0	0
DL	0.178482	17	8	1	1	12	4	1	0	884	13	0	11.913	0	0.0189
DL	0.178536	17	8	2	1	1	5	4	0	103	18	0	18.5	0	0.0001
UL	0.178554	17	8	2	2	1	5	4	0	89	15	0	15.4547 	0	0.015
DL	0.178732	17	8	2	1	12	4	1	0	403	6	0	13.831	0	0
DL	0.178982	17	8	3	1	12	4	1	0	884	13	0	13.8724	0	0
UL	0.179107	17	9	0	1	5	8	3	0	43	0	3	-9.36139 	1	1
DL	0.179232	17	9	0	1	12	4	1	0	884	13	0	13.9338	0	0
DL	0.179464	17	9	1	1	11	3	1	0	1394	20	0	19.1674	0	0.0167294
DL	0.179482	17	9	1	1	12	4	1	0	884	13	0	8.33941	1	1
DL	0.179714	17	9	2	1	11	4	1	0	810	13	0	14.0321	0	0
UL	0.179732	17	9	2	12	1	4	1	0	61	12	0	9.87926 	1	0.529564
DL	0.179964	17	9	3	1	11	3	1	0	1394	20	0	19.2235	0	0.0167294
DL	0.179964	17	9	3	1	11	4	1	0	810	13	0	7.27976	1	1
UL	0.179982	17	9	3	12	1	4	1	0	61	12	0	9.81883 	1	0.529564
DL	0.180214	18	0	0	1	11	4	1	0	369	6	0	13.9094	0	0
UL	0.180232	18	0	0	12	1	4	1	0	61	12	0	9.90296 	0	0.529564
DL	0.180464	18	0	1	1	11	3	1	0	1394	20	0	19.0282	0	0.0167294
DL	0.180482	18	0	1	1	12	4	1	0	884	13	1	8.48131	0	0
DL	0.180714	18	0	2	1	11	4	1	0	251	4	0	13.8856	0	0
UL	0.180732	18	0	2	12	1	4	1	0	61	12	1	9.82712 	0	0
DL	0.180964	18	0	3	1	11	4	1	0	369	6	1	13.9934	0	0
DL	0.181214	18	1	0	1	11	4	1	0	369	6	2	13.9565	0	0
DL	0.181464	18	1	1	1	11	3	1	0	1394	20	0	19.0608	0	0.0167294
DL	0.181482	18	1	1	1	12	5	4	0	1272	18	0	18.2847	0	0.00099975
DL	0.181482	18	1	1	1	12	4	1	0	884	13	0	7.28882	1	1
UL	0.181536	18	1	2	1	1	3	1	0	158	23	0	23.9273 	1	0.436441
DL	0.181536	18	1	2	1	1	5	4	0	103	18	0	18.5212	0	0.0008
DL	0.181732	18	1	2	1	12	4	1	0	884	13	0	13.59	0	0
DL	0.181982	18	1	3	1	12	4	1	0	884	13	0	13.8316	0	0
DL	0.182232	18	2	0	1	12	4	1	0	274	4	0	13.8181	0	0
UL	0.182286	18	2	1	1	1	3	1	0	158	23	1	23.8649 	0	0
DL	0.182482	18	2	1	1	12	4	1	0	274	4	1	13.7861	0	0
DL	0.182732	18	2	2	1	12	4	1	0	884	13	0	13.8316	0	0
DL	0.182982	18	2	3	1	12	5	4	0	1272	18	0	18.8546	0	0.00099975
DL	0.182982	18	2	3	1	12	4	1	0	884	13	0	11.6652	0	0.370968
DL	0.183036	18	3	0	1	1	5	4	0	103	18	0	18.8748	0	0.0008
DL	0.183232	18	3	0	1	12	4	1	0	884	13	0	13.6647	0	0
DL	0.183482	18	3	1	1	12	4	1	0	884	13	0	13.8593	0	0
DL	0.183732	18	3	2	1	12	4	1	0	680	11	0	13.7853	0	0
DL	0.183964	18	3	3	1	11	3	1	0	1394	20	0	19.0508	0	0.0167294
DL	0.183982	18	3	3	1	12	5	4	0	1272	18	0	19.0435	0	0.00099975
DL	0.183982	18	3	3	1	12	4	1	0	884	13	0	7.27014	1	1
DL	0.184036	18	4	0	1	1	5	4	0	103	18	0	19.1479	0	0.0008
DL	0.184232	18	4	0	1	12	4	1	0	884	13	0	13.6083	0	0
DL	0.184464	18	4	1	1	11	3	1	0	1394	20	0	19.1422	0	0.0167294
DL	0.184482	18	4	1	1	12	4	1	0	884	13	0	8.61093	1	1
DL	0.184732	18	4	2	1	12	4	1	0	274	4	0	13.8027	0	0
DL	0.184982	18	4	3	1	12	4	1	0	884	13	1	13.9014	0	0
DL	0.185232	18	5	0	1	12	4	1	0	403	6	0	13.9629	0	0
DL	0.185464	18	5	1	1	11	3	1	0	1394	20	0	19.1207	0	0.0167294
DL	0.185482	18	5	1	1	12	4	1	0	403	6	1	8.61278	0	0
DL	0.185732	18	5	2	1	12	4	1	0	884	13	0	13.8721	0	0
DL	0.185982	18	5	3	1	12	4	1	0	884	13	0	13.8938	0	0
DL	0.186232	18	6	0	1	12	4	1	0	403	6	0	13.9039	0	0
DL	0.186482	18	6	1	1	12	4	1	0	884	13	0	13.9677	0	0
DL	0.186732	18	6	2	1	12	4	1	0	884	13	0	13.9819	0	0
DL	0.186982	18	6	3	1	12	4	1	0	884	13	0	13.8831	0	0
DL	0.187232	18	7	0	1	12	4	1	0	884	13	0	13.9515	0	0
DL	0.187464	18	7	1	1	11	3	1	0	1394	20	0	18.8196	0	0.0167294
DL	0.187482	18	7	1	1	12	4	1	0	884	13	0	8.60689	1	1
DL	0.187732	18	7	2	1	12	4	1	0	884	13	0	13.9876	0	0
DL	0.187964	18	7	3	1	11	3	1	0	1394	20	0	18.9567	0	0.0167294
DL	0.187982	18	7	3	1	12	4	1	0	884	13	0	8.59607	0	0
DL	0.188232	18	8	0	1	12	4	1	0	403	6	0	14.0115	0	0
DL	0.188464	18	8	1	1	11	3	1	0	1394	20	0	18.7918	0	0.0167294
DL	0.188482	18	8	1	1	12	4	1	0	403	6	1	8.62337	0	0
DL	0.188732	18	8	2	1	12	4	1	0	403	6	0	13.949	0	0
DL	0.188982	18	8	3	1	12	5	4	0	1272	18	0	18.8093	0	0.00099975
DL	0.188982	18	8	3	1	12	4	1	0	884	13	0	11.5899	1	0.998077
DL	0.189036	18	9	0	1	1	5	4	0	103	18	0	18.7626	0	0.0008
DL	0.189232	18	9	0	1	12	4	1	0	403	6	0	13.7738	0	0
DL	0.189464	18	9	1	1	11	3	1	0	1394	20	0	18.6371	0	0.0167294
DL	0.189482	18	9	1	1	12	4	1	0	884	13	0	8.61038	1	1
DL	0.189732	18	9	2	1	12	4	1	0	680	11	0	13.9141	0	0
DL	0.189982	18	9	3	1	12	5	4	0	1272	18	0	19.0505	0	0.00099975
DL	0.189982	18	9	3	1	12	4	1	0	884	13	1	11.598	0	0
DL	0.190036	19	0	0	1	1	5	4	0	103	18	0	19.1638	0	0.0008
UL	0.190054	19	0	0	2	1	5	4	0	96	17	0	15.4762 	0	0.0841
DL	0.190232	19	0	0	1	12	4	1	0	403	6	0	13.7563	0	0
DL	0.190482	19	0	1	1	12	5	4	0	1272	18	0	19.0236	0	0.00099975
DL	0.190482	19	0	1	1	12	4	1	0	403	6	1	11.5457	0	0
DL	0.190536	19	0	2	1	1	5	4	0	103	18	0	18.9429	0	0.0008
DL	0.190714	19	0	2	1	11	4	1	0	623	11	0	13.5075	0	0
UL	0.190732	19	0	2	12	1	4	1	0	53	11	0	9.56027 	0	0
DL	0.190964	19	0	3	1	11	4	1	0	810	13	0	13.6013	0	0
UL	0.190982	19	0	3	12	1	4	1	0	53	11	0	9.45287 	0	0.013
DL	0.191214	19	1	0	1	11	4	1	0	623	11	0	13.4236	0	0
UL	0.191232	19	1	0	12	1	4	1	0	53	11	0	9.44646 	0	0.0521
DL	0.191464	19	1	1	1	11	3	1	0	1394	20	0	18.6195	0	0.0167294
DL	0.191482	19	1	1	1	12	5	4	0	1272	18	0	18.8275	0	0.00099975
DL	0.191482	19	1	1	1	12	4	1	0	884	13	0	6.90122	1	1
DL	0.191536	19	1	2	1	1	5	4	0	103	18	0	18.8706	0	0.0001
DL	0.191732	19	1	2	1	12	4	1	0	884	13	0	13.3022	0	0.0001
DL	0.191964	19	1	3	1	11	3	1	0	1394	20	0	18.588	1	0.488872
DL	0.191982	19	1	3	1	12	5	4	0	1272	18	0	18.8575	0	0
DL	0.191982	19	1	3	1	12	4	1	0	884	13	0	6.87234	0	0
DL	0.192036	19	2	0	1	1	5	4	0	103	18	0	18.982	0	0.0001
DL	0.192232	19	2	0	1	12	4	1	0	274	4	0	13.3075	0	0
DL	0.192482	19	2	1	1	12	3	1	0	1272	18	0	18.8221	0	0
DL	0.192482	19	2	1	1	12	5	4	0	1272	18	0	18.9429	0	0
DL	0.192482	19	2	1	1	12	4	1	0	274	4	1	6.20622	0	0.001
DL	0.192536	19	2	2	1	1	3	1	0	103	18	0	18.9652	0	0.0001
DL	0.192536	19	2	2	1	1	5	4	0	103	18	0	18.9431	0	0.0001
UL	0.192554	19	2	2	2	1	3	1	0	158	23	0	23.123 	0	0
DL	0.192732	19	2	2	1	12	4	1	0	274	4	0	13.1472	0	0
DL	0.192964	19	2	3	1	11	3	1	0	1394	20	1	19.0137	0	0
DL	0.192982	19	2	3	1	12	4	1	0	884	13	0	8.21832	1	1
DL	0.193214	19	3	0	1	11	3	1	0	1394	20	2	18.9886	0	0.0167294
DL	0.193232	19	3	0	1	12	4	1	0	274	4	0	8.16467	0	0
DL	0.193464	19	3	1	1	11	5	4	0	1394	20	0	19.0134	0	0.0167294
DL	0.193464	19	3	1	1	11	3	1	0	1394	20	0	18.8559	0	0.0167294
DL	0.193482	19	3	1	1	12	4	1	0	884	13	0	7.39819	1	1
DL	0.193732	19	3	2	1	12	4	1	0	403	6	0	13.3575	0	0
DL	0.193875	19	3	3	1	6	7	1	0	52	0	0	1.28424	0	0.0014
DL	0.193982	19	3	3	1	12	4	1	0	884	13	1	13.3608	0	0
DL	0.194232	19	4	0	1	12	7	1	0	107	0	0	1.23334	0	0
DL	0.194232	19	4	0	1	12	4	1	0	274	4	0	13.3991	0	0
DL	0.194375	19	4	1	1	6	5	4	0	759	20	0	17.1106	1	1
DL	0.194482	19	4	1	1	12	3	1	0	1272	18	0	18.8575	0	0
DL	0.194482	19	4	1	1	12	7	1	0	107	0	0	-0.267985	1	0.700137
DL	0.194482	19	4	1	1	12	4	1	0	274	4	1	6.08407	0	0.001
DL	0.194482	19	4	1	7	6	5	3	0	52	0	0	0.704381	0	0
DL	0.194536	19	4	2	1	1	3	1	0	103	18	0	18.8575	0	0.0001
DL	0.194607	19	4	2	1	5	5	4	0	632	20	0	17.2591	1	1
DL	0.194732	19	4	2	1	12	7	1	0	107	0	0	0.123516	0	0.048
DL	0.194732	19	4	2	1	12	4	1	0	884	13	0	11.2632	1	0.998077
DL	0.194732	19	4	2	6	7	5	3	0	61	0	0	0.690784	0	0.0014
DL	0.194982	19	4	3	1	12	3	1	0	1272	18	0	18.7595	0	0
DL	0.194982	19	4	3	1	12	7	1	0	107	0	0	-0.279354	0	0.700137
DL	0.194982	19	4	3	1	12	4	1	0	884	13	0	6.25251	1	1
DL	0.194982	19	4	3	1	12	5	3	0	107	0	0	-14.5184	1	1
DL	0.195036	19	5	0	1	1	3	1	0	103	18	0	19.1388	0	0.0001
DL	0.195125	19	5	0	1	6	5	4	0	759	20	1	19.1467	0	0
DL	0.195232	19	5	0	1	12	4	1	0	274	4	0	11.3832	0	0
DL	0.195232	19	5	0	7	6	5	4	0	759	20	2	19.2055	0	0.0011
DL	0.195357	19	5	1	1	5	5	4	0	632	20	1	17.0912	0	0
DL	0.195446	19	5	1	6	5	5	4	0	632	20	2	17.0359	1	1
DL	0.195464	19	5	1	11	1	5	3	0	6	0	0	0.736059	0	0.003
DL	0.195482	19	5	1	1	12	7	1	0	107	0	1	0.384054	0	0
DL	0.195482	19	5	1	1	12	4	1	0	542	8	0	11.7186	0	0
UL	0.195482	19	5	1	12	1	5	3	0	6	0	0	1.0991 	0	0.003
UL	0.195607	19	5	2	1	5	7	1	0	43	0	0	0.498074 	0	0.0028
DL	0.195643	19	5	2	1	7	5	4	0	740	18	0	19.0733	0	0
DL	0.195732	19	5	2	1	12	4	1	0	884	13	1	12.6131	0	0
UL	0.195732	19	5	2	8	5	5	3	0	43	0	0	1.07136 	0	0.0028
UL	0.195857	19	5	3	1	5	7	1	0	43	0	0	0.597488 	0	0.0028
DL	0.195964	19	5	3	1	11	3	1	0	1394	20	0	19.1697	0	0.0167294
DL	0.195982	19	5	3	1	12	4	1	0	542	8	1	7.22938	1	1
DL	0.195982	19	5	3	1	12	5	3	0	107	0	1	-9.24977	1	1
DL	0.196089	19	6	0	1	4	5	3	0	33	0	0	-0.0807403	1	0.522303
UL	0.196107	19	6	0	1	5	7	1	0	43	0	0	0.635183 	0	0.0028
DL	0.196161	19	6	0	5	4	5	4	0	366	15	0	19.3922	0	0
DL	0.196232	19	6	0	1	12	4	1	0	542	8	0	12.3743	0	0
UL	0.196232	19	6	0	9	4	5	3	0	43	1	0	0.927956 	0	0.0681
DL	0.196375	19	6	1	1	6	5	3	0	52	0	0	-0.120811	1	0.791149
DL	0.196482	19	6	1	1	12	4	1	0	680	11	0	11.6419	0	0
DL	0.196482	19	6	1	7	6	5	4	0	759	20	0	19.3524	0	0
DL	0.196643	19	6	2	1	7	5	4	0	886	20	0	18.9469	0	0.0034
DL	0.196732	19	6	2	1	12	4	1	0	274	4	0	12.5724	0	0
DL	0.196982	19	6	3	1	12	3	1	0	1272	18	0	19.2257	0	0
DL	0.196982	19	6	3	1	12	5	3	0	107	0	2	-14.1338	1	1
DL	0.196982	19	6	3	1	12	4	1	0	680	11	1	6.38603	1	1
DL	0.197036	19	7	0	1	1	3	1	0	103	18	0	19.285	0	0.0001
DL	0.197125	19	7	0	1	6	5	3	0	52	0	1	-1.10779	0	0
DL	0.197125	19	7	0	1	6	4	1	0	269	8	0	11.0485	0	0
DL	0.197232	19	7	0	7	6	5	3	0	52	0	2	-0.274257	0	0.791149
DL	0.197232	19	7	0	7	6	4	3	0	52	0	0	-2.88154	1	1
DL	0.197375	19	7	1	1	6	5	4	0	759	20	0	19.0041	0	0.0011
DL	0.197375	19	7	1	1	6	4	1	0	338	11	0	11.5697	0	0.0001
DL	0.197482	19	7	1	7	6	5	5	0	52	0	0	-13.801	1	1
DL	0.197482	19	7	1	7	6	4	3	0	52	0	0	-2.81586	1	1
DL	0.197607	19	7	2	1	5	5	4	0	632	20	0	18.9387	0	0.0001
DL	0.197625	19	7	2	1	6	4	1	0	135	4	0	11.5143	0	0
DL	0.197732	19	7	2	6	7	5	5	0	61	0	0	-13.7291	1	1
DL	0.197732	19	7	2	7	6	4	3	0	52	0	0	-2.43122	1	1
DL	0.197875	19	7	3	1	6	4	1	0	338	11	1	6.30236	1	1
DL	0.197982	19	7	3	1	12	3	1	0	1272	18	0	19.5716	0	0
DL	0.197982	19	7	3	1	12	5	3	0	107	0	3	-14.2862	1	1
DL	0.197982	19	7	3	7	6	4	1	0	338	11	2	6.27908	0	0.001
DL	0.198036	19	8	0	1	1	3	1	0	103	18	0	19.4774	0	0.0001
DL	0.198125	19	8	0	1	6	4	3	0	52	0	1	-2.76386	0	0.0014
DL	0.198214	19	8	0	1	11	5	4	0	1394	20	0	18.8064	0	0.0167294
DL	0.198232	19	8	0	7	6	4	3	0	52	0	2	-2.54744	1	1
DL	0.198375	19	8	1	1	6	5	5	0	52	0	1	-19.2752	1	1
DL	0.198375	19	8	1	1	6	4	3	0	52	0	1	-3.07781	0	0.0014
DL	0.198482	19	8	1	1	12	3	1	0	1272	18	0	19.5436	0	0
DL	0.198482	19	8	1	7	6	5	5	0	52	0	2	-19.2369	1	1
DL	0.198482	19	8	1	7	6	4	3	0	52	0	2	-2.97808	1	1
DL	0.198536	19	8	2	1	1	3	1	0	103	18	0	19.6219	0	0.0001
DL	0.198625	19	8	2	1	6	4	3	0	52	0	1	-2.75772	0	0.0014
DL	0.198643	19	8	2	1	7	5	5	0	61	0	1	-14.1309	1	1
DL	0.198732	19	8	2	7	6	4	3	0	52	0	2	-2.42464	1	1
DL	0.198875	19	8	3	1	6	4	1	0	135	4	0	6.0827	0	0.181178
DL	0.198893	19	8	3	1	7	5	5	0	61	0	2	-19.3807	1	1
DL	0.198982	19	8	3	1	12	3	1	0	1272	18	0	19.5031	0	0
DL	0.198982	19	8	3	7	6	4	4	0	52	0	0	-4.47945	1	1
DL	0.198982	19	8	3	8	5	5	4	0	632	20	0	19.886	0	0
DL	0.199036	19	9	0	1	1	3	1	0	103	18	0	19.5555	0	0.0001
DL	0.199089	19	9	0	1	4	4	1	0	89	4	0	10.2494	0	0
DL	0.199125	19	9	0	1	6	5	5	0	52	0	3	-14.1149	1	1
DL	0.199161	19	9	0	5	4	4	4	0	33	0	0	-3.33446	1	1
DL	0.199232	19	9	0	7	6	5	4	0	759	20	0	19.908	0	0
UL	0.199232	19	9	0	9	4	4	3	0	33	0	0	-2.51646 	1	1
DL	0.199339	19	9	1	1	4	4	1	0	89	4	0	5.81509	0	0.547747
DL	0.199411	19	9	1	5	4	4	4	0	33	0	0	-2.01694	1	1
DL	0.199464	19	9	1	1	11	5	4	0	1394	20	0	17.4208	1	1
DL	0.199482	19	9	1	1	12	7	4	0	107	0	0	-4.9384	1	1
DL	0.199482	19	9	1	1	12	3	1	0	1272	18	0	20.7583	0	0
UL	0.199482	19	9	1	9	4	4	3	0	33	0	0	-2.53179 	1	1
DL	0.199536	19	9	2	1	1	3	1	0	103	18	0	19.3712	0	0.0008
DL	0.199643	19	9	2	1	7	5	5	0	61	0	3	-14.4394	1	1
DL	0.199643	19	9	2	1	7	4	1	0	158	4	0	10.5012	0	0
DL	0.199732	19	9	2	1	12	7	4	0	107	0	0	0.877025	0	0
UL	0.199732	19	9	2	8	5	4	3	0	43	0	0	-2.52315 	1	1
DL	0.199875	19	9	3	1	6	4	4	0	52	0	1	-10.7642	1	1
DL	0.199982	19	9	3	1	12	3	1	0	1272	18	0	19.512	0	0.00099975
DL	0.199982	19	9	3	1	12	7	4	0	107	0	0	0.255991	0	0
DL	0.199982	19	9	3	7	6	4	4	0	52	0	2	-10.834	1	1
DL	0.200036	20	0	0	1	1	3	1	0	124	20	0	19.3227	0	0.564159
DL	0.200089	20	0	0	1	4	4	4	0	33	0	1	-8.08269	1	1
DL	0.200161	20	0	0	5	4	4	4	0	33	0	2	-7.28189	1	0.522303
DL	0.200232	20	0	0	1	12	5	6	0	107	0	0	1.91358	0	0
DL	0.200232	20	0	0	1	12	7	2	0	107	0	0	-37.0893	1	1
UL	0.200232	20	0	0	9	4	4	3	0	33	0	1	-2.45849 	0	0.0065
DL	0.200339	20	0	1	1	4	4	4	0	33	0	1	-12.0623	1	1
DL	0.200411	20	0	1	5	4	4	4	0	33	0	2	-12.1112	1	0.990385
DL	0.200464	20	0	1	1	11	5	4	0	1394	20	1	17.0748	0	0
DL	0.200482	20	0	1	1	12	3	1	0	1272	18	0	17.5314	0	0.00099975
DL	0.200482	20	0	1	1	12	7	4	0	107	0	1	-5.88384	1	1
DL	0.200482	20	0	1	9	4	4	1	0	132	6	0	8.91137	0	0
DL	0.200482	20	0	1	12	1	5	6	0	6	0	0	12.3264	0	0
DL	0.200536	20	0	2	1	1	3	1	0	103	18	0	17.5416	0	0.0054
DL	0.200625	20	0	2	1	6	7	2	0	52	0	0	-41.6949	1	1
DL	0.200625	20	0	2	1	6	4	4	0	52	0	3	-5.11173	1	0.791149
DL	0.200643	20	0	2	7	1	4	1	0	30	6	0	9.50662	0	0
DL	0.200714	20	0	2	1	11	5	4	0	1394	20	2	17.556	1	1
DL	0.200732	20	0	2	7	6	7	3	0	52	0	0	5.79784	0	0
UL	0.200732	20	0	2	8	5	4	3	0	43	0	1	-5.25405 	0	0.572072
DL	0.200732	20	0	2	12	1	5	6	0	6	0	0	12.3835	0	0
DL	0.200839	20	0	3	1	4	4	4	0	33	0	3	-12.0202	1	0.522303
DL	0.200893	20	0	3	1	7	7	3	0	61	0	0	0.520302	0	0.791149
DL	0.200982	20	0	3	1	12	3	1	0	1272	18	0	17.8928	0	0.00099975
DL	0.200982	20	0	3	1	12	5	4	0	1272	18	0	18.9388	0	0
DL	0.200982	20	0	3	5	8	4	1	0	268	6	0	9.48765	0	0
UL	0.200982	20	0	3	8	5	7	4	0	43	0	0	6.87385 	0	0
DL	0.201036	20	1	0	1	1	3	1	0	103	18	0	16.8397	0	0.0054
DL	0.201036	20	1	0	1	1	5	4	0	89	15	0	16.2374	1	0.285795
DL	0.201089	20	1	0	1	4	4	4	0	33	0	3	-21.9184	1	0.990385
DL	0.201143	20	1	0	2	6	5	6	0	338	11	0	12.0805	0	0
DL	0.201232	20	1	0	1	12	8	2	0	107	0	0	-25.1749	1	1
DL	0.201232	20	1	0	1	12	7	2	0	107	0	1	-13.6827	1	1
DL	0.201232	20	1	0	5	8	4	1	0	452	11	0	9.40965	0	0
UL	0.201232	20	1	0	8	5	5	6	0	43	0	0	11.9441 	0	0
DL	0.201375	20	1	1	1	6	8	2	0	52	0	0	-25.6015	1	1
DL	0.201375	20	1	1	1	6	5	4	0	551	15	0	16.3594	0	0.0041
DL	0.201464	20	1	1	1	11	4	1	0	623	11	0	6.2203	1	1
DL	0.201482	20	1	1	1	12	7	4	0	107	0	2	-6.00139	1	0.700137
DL	0.201482	20	1	1	7	6	8	3	0	52	0	0	-7.68561	1	1
DL	0.201482	20	1	1	7	6	5	6	0	338	11	0	12.5458	0	0
UL	0.201482	20	1	1	12	1	4	1	0	53	11	0	5.89781 	1	1
UL	0.201554	20	1	2	1	2	7	4	0	64	6	0	6.75873 	0	0.0783
DL	0.201607	20	1	2	1	5	5	4	0	528	18	0	18.8169	0	0
DL	0.201625	20	1	2	1	6	8	2	0	52	0	0	-25.2586	1	1
DL	0.201714	20	1	2	1	11	4	1	0	623	11	0	6.0789	1	1
DL	0.201714	20	1	2	6	6	5	6	0	338	11	0	12.5756	0	0
DL	0.201732	20	1	2	7	6	8	3	0	52	0	0	-7.19318	1	1
UL	0.201732	20	1	2	12	1	5	4	0	96	17	0	18.9367 	0	0
UL	0.201732	20	1	2	12	1	4	1	0	53	11	0	4.94117 	1	1
DL	0.201786	20	1	3	1	1	5	4	0	89	15	1	18.9101	0	0
DL	0.201804	20	1	3	2	1	5	4	0	89	15	2	18.9436	0	0
UL	0.201857	20	1	3	1	5	7	3	0	43	0	0	5.61796 	0	0
DL	0.201893	20	1	3	3	5	5	4	0	366	13	0	18.9523	0	0
DL	0.201982	20	1	3	1	12	8	3	0	107	0	0	-15.2138	1	1
DL	0.201982	20	1	3	1	12	4	1	0	680	11	0	6.01677	1	1
DL	0.201982	20	1	3	8	5	5	6	0	281	11	0	12.4691	0	0
DL	0.202107	20	2	0	1	5	5	4	0	459	15	0	16.4282	0	0.184934
DL	0.202214	20	2	0	1	11	4	1	0	251	4	0	5.98553	0	0
DL	0.202214	20	2	0	6	6	5	6	0	338	11	0	12.4237	0	0
DL	0.202232	20	2	0	1	12	7	2	0	107	0	2	-20.3226	1	1
DL	0.202232	20	2	0	1	12	8	2	0	107	0	1	-24.3215	1	1
UL	0.202232	20	2	0	12	1	5	4	0	96	17	0	19.0075 	0	0
UL	0.202232	20	2	0	12	1	4	1	0	53	11	1	4.85677 	0	0.0011
DL	0.202375	20	2	1	1	6	8	2	0	52	0	1	-27.3366	1	1
DL	0.202375	20	2	1	1	6	5	4	0	634	18	0	16.3755	1	0.9875
DL	0.202464	20	2	1	1	11	4	1	0	623	11	1	3.28446	0	0.029
DL	0.202482	20	2	1	1	12	3	1	0	1272	18	0	17.1846	0	0.00099975
DL	0.202482	20	2	1	1	12	7	4	0	107	0	3	-5.8167	0	0
DL	0.202482	20	2	1	7	6	8	2	0	52	0	2	-26.6564	1	1
DL	0.202482	20	2	1	7	6	5	6	0	338	11	0	12.5341	0	0
UL	0.202482	20	2	1	12	1	4	1	0	53	11	1	5.70493 	0	0.0143
DL	0.202536	20	2	2	1	1	3	1	0	103	18	0	17.2847	0	0.0054
UL	0.202554	20	2	2	1	2	7	3	0	53	5	0	5.81779 	0	0.0106
DL	0.202625	20	2	2	1	6	8	3	0	52	0	1	-16.0211	1	1
DL	0.202625	20	2	2	1	6	5	4	0	634	18	0	18.9164	0	0.0005
DL	0.202714	20	2	2	1	11	4	1	0	623	11	2	5.66172	1	1
DL	0.202732	20	2	2	7	6	8	3	0	52	0	2	-12.9632	1	1
DL	0.202732	20	2	2	7	6	5	6	0	338	11	0	12.6017	0	0
DL	0.202875	20	2	3	1	6	5	4	0	440	13	0	18.9955	0	0
DL	0.202964	20	2	3	1	11	4	1	0	623	11	1	3.1563	0	0.029
DL	0.202982	20	2	3	1	12	3	1	0	1272	18	0	17.7821	0	0.00099975
DL	0.202982	20	2	3	1	12	8	3	0	107	0	1	-20.3232	1	1
DL	0.202982	20	2	3	7	6	5	6	0	338	11	0	12.6217	0	0
DL	0.203036	20	3	0	1	1	3	1	0	103	18	0	16.8385	1	0.0467
DL	0.203125	20	3	0	1	6	5	4	0	634	18	1	16.5913	0	0
DL	0.203214	20	3	0	1	11	4	1	0	623	11	2	5.54848	1	1
DL	0.203232	20	3	0	1	12	7	2	0	107	0	3	-41.4801	1	1
DL	0.203232	20	3	0	1	12	8	2	0	107	0	2	-24.9829	1	1
DL	0.203232	20	3	0	7	6	5	4	0	634	18	2	16.6187	1	0.9875
DL	0.203375	20	3	1	1	6	8	2	0	52	0	3	-27.0254	1	1
DL	0.203375	20	3	1	1	6	5	4	0	634	18	0	18.8842	0	0.0005
DL	0.203482	20	3	1	1	12	3	1	0	1272	18	0	17.4144	0	0.00099975
DL	0.203482	20	3	1	1	12	4	1	0	680	11	1	3.11961	0	0.0371
DL	0.203482	20	3	1	7	6	8	3	0	52	0	3	-7.84016	1	1
DL	0.203482	20	3	1	7	6	5	6	0	338	11	0	12.4323	0	0
DL	0.203536	20	3	2	1	1	3	1	0	103	18	0	18.3985	0	0.0008
UL	0.203554	20	3	2	2	1	3	1	0	170	24	0	21.6972 	0	0.01
DL	0.203625	20	3	2	1	6	5	4	0	634	18	0	20.771	0	0
DL	0.203714	20	3	2	1	11	4	1	0	623	11	3	5.84758	0	0
DL	0.203732	20	3	2	7	6	5	6	0	338	11	0	12.3451	0	0
DL	0.203786	20	3	3	1	1	3	1	0	103	18	1	17.4163	0	0
DL	0.203804	20	3	3	2	1	3	1	0	103	18	2	17.4057	0	0.0054
DL	0.203875	20	3	3	1	6	5	4	0	551	15	0	18.8975	0	0
DL	0.203982	20	3	3	1	12	8	3	0	107	0	2	-20.9424	1	1
DL	0.203982	20	3	3	1	12	4	1	0	274	4	0	2.9145	0	0
DL	0.203982	20	3	3	3	10	3	1	0	1059	18	0	17.4633	0	0.00039996
DL	0.203982	20	3	3	7	6	5	6	0	338	11	0	12.4667	0	0
DL	0.204071	20	4	0	1	3	3	1	0	315	18	0	17.5339	0	0
UL	0.204089	20	4	0	4	1	3	1	0	170	24	0	21.7714 	0	0.0014
DL	0.204125	20	4	0	1	6	5	4	0	634	18	0	18.7673	0	0.0005
DL	0.204232	20	4	0	1	12	8	2	0	107	0	3	-25.3992	1	1
DL	0.204232	20	4	0	1	12	4	1	0	274	4	1	4.96769	0	0.001
DL	0.204232	20	4	0	7	6	5	6	0	338	11	0	12.4499	0	0
DL	0.204357	20	4	1	1	5	5	4	0	632	20	0	20.3581	0	0
DL	0.204393	20	4	1	1	7	4	1	0	158	4	0	3.04803	1	1
DL	0.204482	20	4	1	1	12	3	1	0	1272	18	0	20.8849	0	0
DL	0.204482	20	4	1	6	7	5	6	0	395	11	0	12.5255	0	0
DL	0.204536	20	4	2	1	1	3	1	0	103	18	0	18.4018	0	0.0054
DL	0.204732	20	4	2	1	12	4	1	0	172	2	0	5.73632	0	0
DL	0.204732	20	4	2	1	12	5	6	0	680	11	0	11.9194	0	0
DL	0.204982	20	4	3	1	12	8	3	0	107	0	3	-21.1381	1	1
DL	0.204982	20	4	3	1	12	3	1	0	1272	18	0	17.4314	0	0.00099975
DL	0.204982	20	4	3	1	12	4	1	0	274	4	0	2.64246	1	1
DL	0.204982	20	4	3	1	12	5	6	0	680	11	0	11.8337	0	0.0036
