0.00100002 2 1 235 1000021 0
0.00100002 3 1 235 1000021 0
0.00100002 4 1 235 1000021 0
0.00100002 5 1 235 1000021 0
0.00100002 6 1 235 1000021 0
0.00100002 7 1 235 1000021 0
0.00100002 8 1 235 1000021 0
0.00260002 2 1 235 1000021 0
0.00260002 3 1 235 1000021 0
0.00260002 4 1 235 1000021 0
0.00260002 5 1 235 1000021 0
0.00260002 6 1 235 1000021 0
0.00260002 7 1 235 1000021 0
0.00260002 8 1 235 1000021 0
0.00420002 2 1 235 1000021 0
0.00420002 3 1 235 1000021 0
0.00420002 4 1 235 1000021 0
0.00420002 5 1 235 1000021 0
0.00420002 6 1 235 1000021 0
0.00420002 7 1 235 1000021 0
0.00420002 8 1 235 1000021 0
0.00580002 2 1 235 1000021 0
0.00580002 3 1 235 1000021 0
0.00580002 4 1 235 1000021 0
0.00580002 5 1 235 1000021 0
0.00580002 6 1 235 1000021 0
0.00580002 7 1 235 1000021 0
0.00580002 8 1 235 1000021 0
0.00740002 2 1 235 1000021 0
0.00740002 3 1 235 1000021 0
0.00740002 4 1 235 1000021 0
0.00740002 5 1 235 1000021 0
0.00740002 6 1 235 1000021 0
0.00740002 7 1 235 1000021 0
0.00740002 8 1 235 1000021 0
0.00900002 2 1 235 1000021 0
0.00900002 3 1 235 1000021 0
0.00900002 4 1 235 1000021 0
0.00900002 5 1 235 1000021 0
0.00900002 6 1 235 1000021 0
0.00900002 7 1 235 1000021 0
0.00900002 8 1 235 1000021 0
0.0106 2 1 235 1000021 0
0.0106 3 1 235 1000021 0
0.0106 4 1 235 1000021 0
0.0106 5 1 235 1000021 0
0.0106 6 1 235 1000021 0
0.0106 7 1 235 1000021 0
0.0106 8 1 235 1000021 0
0.0122 2 1 235 1000021 0
0.0122 3 1 235 1000021 0
0.0122 4 1 235 1000021 0
0.0122 5 1 235 1000021 0
0.0122 6 1 235 1000021 0
0.0122 7 1 235 1000021 0
0.0122 8 1 235 1000021 0
0.0138 2 1 235 1000021 0
0.0138 3 1 235 1000021 0
0.0138 4 1 235 1000021 0
0.0138 5 1 235 1000021 0
0.0138 6 1 235 1000021 0
0.0138 7 1 235 1000021 0
0.0138 8 1 235 1000021 0
0.0154 2 1 235 1000021 0
0.0154 3 1 235 1000021 0
0.0154 4 1 235 1000021 0
0.0154 5 1 235 1000021 0
0.0154 6 1 235 1000021 0
0.0154 7 1 235 1000021 0
0.0154 8 1 235 1000021 0
0.017 2 1 235 1000021 0
0.017 3 1 235 1000021 0
0.017 4 1 235 1000021 0
0.017 5 1 235 1000021 0
0.017 6 1 235 1000021 0
0.017 7 1 235 1000021 0
0.017 8 1 235 1000021 0
0.0186 2 1 235 1000021 0
0.0186 3 1 235 1000021 0
0.0186 4 1 235 1000021 0
0.0186 5 1 235 1000021 0
0.0186 6 1 235 1000021 0
0.0186 7 1 235 1000021 0
0.0186 8 1 235 1000021 0
0.0202 2 1 235 1000021 0
0.0202 3 1 235 1000021 0
0.0202 4 1 235 1000021 0
0.0202 5 1 235 1000021 0
0.0202 6 1 235 1000021 0
0.0202 7 1 235 1000021 0
0.0202 8 1 235 1000021 0
0.0218 2 1 235 1000021 0
0.0218 3 1 235 1000021 0
0.0218 4 1 235 1000021 0
0.0218 5 1 235 1000021 0
0.0218 6 1 235 1000021 0
0.0218 7 1 235 1000021 0
0.0218 8 1 235 1000021 0
0.0234 2 1 235 1000021 0
0.0234 3 1 235 1000021 0
0.0234 4 1 235 1000021 0
0.0234 5 1 235 1000021 0
0.0234 6 1 235 1000021 0
0.0234 7 1 235 1000021 0
0.0234 8 1 235 1000021 0
0.025 2 1 235 1000021 0
0.025 3 1 235 1000021 0
0.025 4 1 235 1000021 0
0.025 5 1 235 1000021 0
0.025 6 1 235 1000021 0
0.025 7 1 235 1000021 0
0.025 8 1 235 1000021 0
0.0266 2 1 235 1000021 0
0.0266 3 1 235 1000021 0
0.0266 4 1 235 1000021 0
0.0266 5 1 235 1000021 0
0.0266 6 1 235 1000021 0
0.0266 7 1 235 1000021 0
0.0266 8 1 235 1000021 0
0.0282 2 1 235 1000021 0
0.0282 3 1 235 1000021 0
0.0282 4 1 235 1000021 0
0.0282 5 1 235 1000021 0
0.0282 6 1 235 1000021 0
0.0282 7 1 235 1000021 0
0.0282 8 1 235 1000021 0
0.0298 2 1 235 1000021 0
0.0298 3 1 235 1000021 0
0.0298 4 1 235 1000021 0
0.0298 5 1 235 1000021 0
0.0298 6 1 235 1000021 0
0.0298 7 1 235 1000021 0
0.0298 8 1 235 1000021 0
0.0314 2 1 235 1000021 0
0.0314 3 1 235 1000021 0
0.0314 4 1 235 1000021 0
0.0314 5 1 235 1000021 0
0.0314 6 1 235 1000021 0
0.0314 7 1 235 1000021 0
0.0314 8 1 235 1000021 0
0.033 2 1 235 1000021 0
0.033 3 1 235 1000021 0
0.033 4 1 235 1000021 0
0.033 5 1 235 1000021 0
0.033 6 1 235 1000021 0
0.033 7 1 235 1000021 0
0.033 8 1 235 1000021 0
0.0346 2 1 235 1000021 0
0.0346 3 1 235 1000021 0
0.0346 4 1 235 1000021 0
0.0346 5 1 235 1000021 0
0.0346 6 1 235 1000021 0
0.0346 7 1 235 1000021 0
0.0346 8 1 235 1000021 0
0.0362 2 1 235 1000021 0
0.0362 3 1 235 1000021 0
0.0362 4 1 235 1000021 0
0.0362 5 1 235 1000021 0
0.0362 6 1 235 1000021 0
0.0362 7 1 235 1000021 0
0.0362 8 1 235 1000021 0
0.0378 2 1 235 1000021 0
0.0378 3 1 235 1000021 0
0.0378 4 1 235 1000021 0
0.0378 5 1 235 1000021 0
0.0378 6 1 235 1000021 0
0.0378 7 1 235 1000021 0
0.0378 8 1 235 1000021 0
0.0394 2 1 235 1000021 0
0.0394 3 1 235 1000021 0
0.0394 4 1 235 1000021 0
0.0394 5 1 235 1000021 0
0.0394 6 1 235 1000021 0
0.0394 7 1 235 1000021 0
0.0394 8 1 235 1000021 0
0.041 2 1 235 1000021 0
0.041 3 1 235 1000021 0
0.041 4 1 235 1000021 0
0.041 5 1 235 1000021 0
0.041 6 1 235 1000021 0
0.041 7 1 235 1000021 0
0.041 8 1 235 1000021 0
0.0426 2 1 235 1000021 0
0.0426 3 1 235 1000021 0
0.0426 4 1 235 1000021 0
0.0426 5 1 235 1000021 0
0.0426 6 1 235 1000021 0
0.0426 7 1 235 1000021 0
0.0426 8 1 235 1000021 0
0.0442 2 1 235 1000021 0
0.0442 3 1 235 1000021 0
0.0442 4 1 235 1000021 0
0.0442 5 1 235 1000021 0
0.0442 6 1 235 1000021 0
0.0442 7 1 235 1000021 0
0.0442 8 1 235 1000021 0
0.0458 2 1 235 1000021 0
0.0458 3 1 235 1000021 0
0.0458 4 1 235 1000021 0
0.0458 5 1 235 1000021 0
0.0458 6 1 235 1000021 0
0.0458 7 1 235 1000021 0
0.0458 8 1 235 1000021 0
0.0474 2 1 235 1000021 0
0.0474 3 1 235 1000021 0
0.0474 4 1 235 1000021 0
0.0474 5 1 235 1000021 0
0.0474 6 1 235 1000021 0
0.0474 7 1 235 1000021 0
0.0474 8 1 235 1000021 0
0.049 2 1 235 1000021 0
0.049 3 1 235 1000021 0
0.049 4 1 235 1000021 0
0.049 5 1 235 1000021 0
0.049 6 1 235 1000021 0
0.049 7 1 235 1000021 0
0.049 8 1 235 1000021 0
0.0506 2 1 235 1000021 0
0.0506 3 1 235 1000021 0
0.0506 4 1 235 1000021 0
0.0506 5 1 235 1000021 0
0.0506 6 1 235 1000021 0
0.0506 7 1 235 1000021 0
0.0506 8 1 235 1000021 0
0.0522 2 1 235 1000021 0
0.0522 3 1 235 1000021 0
0.0522 4 1 235 1000021 0
0.0522 5 1 235 1000021 0
0.0522 6 1 235 1000021 0
0.0522 7 1 235 1000021 0
0.0522 8 1 235 1000021 0
0.0527144 1 3 68 1000008 0
0.0527145 1 6 68 1000008 0
0.0527146 1 2 68 1000008 0
0.0527147 1 5 68 1000008 0
0.0527148 1 2 68 1000008 0
0.0527149 1 5 68 1000008 0
0.052715 1 8 68 1000008 0
0.052715 1 4 68 1000008 0
0.0527151 1 2 68 1000008 0
0.0527152 1 6 68 1000008 0
0.0537144 3 1 15 1000004 0
0.0537145 6 1 15 1000004 0
0.0537146 2 1 15 1000004 0
0.0537147 5 1 15 1000004 0
0.0537148 2 1 15 1000004 0
0.0537149 5 1 15 1000004 0
0.053715 8 1 15 1000004 0
0.0537151 4 1 15 1000004 0
0.0537151 2 1 15 1000004 0
0.0537152 6 1 15 1000004 0
0.0538 2 1 235 1000021 0
0.0538 3 1 235 1000021 0
0.0538 4 1 235 1000021 0
0.0538 5 1 235 1000021 0
0.0538 6 1 235 1000021 0
0.0538 7 1 235 1000021 0
0.0538 8 1 235 1000021 0
0.0554 2 1 235 1000021 0
0.0554 3 1 235 1000021 0
0.0554 4 1 235 1000021 0
0.0554 5 1 235 1000021 0
0.0554 6 1 235 1000021 0
0.0554 7 1 235 1000021 0
0.0554 8 1 235 1000021 0
0.057 2 1 235 1000021 0
0.057 3 1 235 1000021 0
0.057 4 1 235 1000021 0
0.057 5 1 235 1000021 0
0.057 6 1 235 1000021 0
0.057 7 1 235 1000021 0
0.057 8 1 235 1000021 0
0.0577144 1 3 68 1000008 0
0.0577145 1 4 68 1000008 0
0.0577146 1 6 68 1000008 0
0.0577147 1 7 68 1000008 0
0.0586 2 1 235 1000021 0
0.0586 3 1 235 1000021 0
0.0586 4 1 235 1000021 0
0.0586 5 1 235 1000021 0
0.0586 6 1 235 1000021 0
0.0586 7 1 235 1000021 0
0.0586 8 1 235 1000021 0
0.0587144 3 1 15 1000004 0
0.0587145 4 1 15 1000004 0
0.0587146 6 1 15 1000004 0
0.0587147 7 1 15 1000004 0
0.0602 2 1 235 1000021 0
0.0602 3 1 235 1000021 0
0.0602 4 1 235 1000021 0
0.0602 5 1 235 1000021 0
0.0602 6 1 235 1000021 0
0.0602 7 1 235 1000021 0
0.0602 8 1 235 1000021 0
0.0618 2 1 235 1000021 0
0.0618 3 1 235 1000021 0
0.0618 4 1 235 1000021 0
0.0618 5 1 235 1000021 0
0.0618 6 1 235 1000021 0
0.0618 7 1 235 1000021 0
0.0618 8 1 235 1000021 0
0.0634 2 1 235 1000021 0
0.0634 3 1 235 1000021 0
0.0634 4 1 235 1000021 0
0.0634 5 1 235 1000021 0
0.0634 6 1 235 1000021 0
0.0634 7 1 235 1000021 0
0.0634 8 1 235 1000021 0
0.065 2 1 235 1000021 0
0.065 3 1 235 1000021 0
0.065 4 1 235 1000021 0
0.065 5 1 235 1000021 0
0.065 6 1 235 1000021 0
0.065 7 1 235 1000021 0
0.065 8 1 235 1000021 0
0.0666 2 1 235 1000021 0
0.0666 3 1 235 1000021 0
0.0666 4 1 235 1000021 0
0.0666 5 1 235 1000021 0
0.0666 6 1 235 1000021 0
0.0666 7 1 235 1000021 0
0.0666 8 1 235 1000021 0
0.0682 2 1 235 1000021 0
0.0682 3 1 235 1000021 0
0.0682 4 1 235 1000021 0
0.0682 5 1 235 1000021 0
0.0682 6 1 235 1000021 0
0.0682 7 1 235 1000021 0
0.0682 8 1 235 1000021 0
0.0698 2 1 235 1000021 0
0.0698 3 1 235 1000021 0
0.0698 4 1 235 1000021 0
0.0698 5 1 235 1000021 0
0.0698 6 1 235 1000021 0
0.0698 7 1 235 1000021 0
0.0698 8 1 235 1000021 0
0.0714 2 1 235 1000021 0
0.0714 3 1 235 1000021 0
0.0714 4 1 235 1000021 0
0.0714 5 1 235 1000021 0
0.0714 6 1 235 1000021 0
0.0714 7 1 235 1000021 0
0.0714 8 1 235 1000021 0
0.073 2 1 235 1000021 0
0.073 3 1 235 1000021 0
0.073 4 1 235 1000021 0
0.073 5 1 235 1000021 0
0.073 6 1 235 1000021 0
0.073 7 1 235 1000021 0
0.073 8 1 235 1000021 0
0.0746 2 1 235 1000021 0
0.0746 3 1 235 1000021 0
0.0746 4 1 235 1000021 0
0.0746 5 1 235 1000021 0
0.0746 6 1 235 1000021 0
0.0746 7 1 235 1000021 0
0.0746 8 1 235 1000021 0
0.0762 2 1 235 1000021 0
0.0762 3 1 235 1000021 0
0.0762 4 1 235 1000021 0
0.0762 5 1 235 1000021 0
0.0762 6 1 235 1000021 0
0.0762 7 1 235 1000021 0
0.0762 8 1 235 1000021 0
0.0778 2 1 235 1000021 0
0.0778 3 1 235 1000021 0
0.0778 4 1 235 1000021 0
0.0778 5 1 235 1000021 0
0.0778 6 1 235 1000021 0
0.0778 7 1 235 1000021 0
0.0778 8 1 235 1000021 0
0.0794 2 1 235 1000021 0
0.0794 3 1 235 1000021 0
0.0794 4 1 235 1000021 0
0.0794 5 1 235 1000021 0
0.0794 6 1 235 1000021 0
0.0794 7 1 235 1000021 0
0.0794 8 1 235 1000021 0
0.081 2 1 235 1000021 0
0.081 3 1 235 1000021 0
0.081 4 1 235 1000021 0
0.081 5 1 235 1000021 0
0.081 6 1 235 1000021 0
0.081 7 1 235 1000021 0
0.081 8 1 235 1000021 0
0.0826 2 1 235 1000021 0
0.0826 3 1 235 1000021 0
0.0826 4 1 235 1000021 0
0.0826 5 1 235 1000021 0
0.0826 6 1 235 1000021 0
0.0826 7 1 235 1000021 0
0.0826 8 1 235 1000021 0
0.0842 2 1 235 1000021 0
0.0842 3 1 235 1000021 0
0.0842 4 1 235 1000021 0
0.0842 5 1 235 1000021 0
0.0842 6 1 235 1000021 0
0.0842 7 1 235 1000021 0
0.0842 8 1 235 1000021 0
0.0858 2 1 235 1000021 0
0.0858 3 1 235 1000021 0
0.0858 4 1 235 1000021 0
0.0858 5 1 235 1000021 0
0.0858 6 1 235 1000021 0
0.0858 7 1 235 1000021 0
0.0858 8 1 235 1000021 0
0.0874 2 1 235 1000021 0
0.0874 3 1 235 1000021 0
0.0874 4 1 235 1000021 0
0.0874 5 1 235 1000021 0
0.0874 6 1 235 1000021 0
0.0874 7 1 235 1000021 0
0.0874 8 1 235 1000021 0
0.089 2 1 235 1000021 0
0.089 3 1 235 1000021 0
0.089 4 1 235 1000021 0
0.089 5 1 235 1000021 0
0.089 6 1 235 1000021 0
0.089 7 1 235 1000021 0
0.089 8 1 235 1000021 0
0.0906 2 1 235 1000021 0
0.0906 3 1 235 1000021 0
0.0906 4 1 235 1000021 0
0.0906 5 1 235 1000021 0
0.0906 6 1 235 1000021 0
0.0906 7 1 235 1000021 0
0.0906 8 1 235 1000021 0
0.0922 2 1 235 1000021 0
0.0922 3 1 235 1000021 0
0.0922 4 1 235 1000021 0
0.0922 5 1 235 1000021 0
0.0922 6 1 235 1000021 0
0.0922 7 1 235 1000021 0
0.0922 8 1 235 1000021 0
0.0938 2 1 235 1000021 0
0.0938 3 1 235 1000021 0
0.0938 4 1 235 1000021 0
0.0938 5 1 235 1000021 0
0.0938 6 1 235 1000021 0
0.0938 7 1 235 1000021 0
0.0938 8 1 235 1000021 0
0.0954 2 1 235 1000021 0
0.0954 3 1 235 1000021 0
0.0954 4 1 235 1000021 0
0.0954 5 1 235 1000021 0
0.0954 6 1 235 1000021 0
0.0954 7 1 235 1000021 0
0.0954 8 1 235 1000021 0
0.097 2 1 235 1000021 0
0.097 3 1 235 1000021 0
0.097 4 1 235 1000021 0
0.097 5 1 235 1000021 0
0.097 6 1 235 1000021 0
0.097 7 1 235 1000021 0
0.097 8 1 235 1000021 0
0.0986 2 1 235 1000021 0
0.0986 3 1 235 1000021 0
0.0986 4 1 235 1000021 0
0.0986 5 1 235 1000021 0
0.0986 6 1 235 1000021 0
0.0986 7 1 235 1000021 0
0.0986 8 1 235 1000021 0
0.1002 2 1 235 1000021 0
0.1002 3 1 235 1000021 0
0.1002 4 1 235 1000021 0
0.1002 5 1 235 1000021 0
0.1002 6 1 235 1000021 0
0.1002 7 1 235 1000021 0
0.1002 8 1 235 1000021 0
0.1018 2 1 235 1000021 0
0.1018 3 1 235 1000021 0
0.1018 4 1 235 1000021 0
0.1018 5 1 235 1000021 0
0.1018 6 1 235 1000021 0
0.1018 7 1 235 1000021 0
0.1018 8 1 235 1000021 0
0.1034 2 1 235 1000021 0
0.1034 3 1 235 1000021 0
0.1034 4 1 235 1000021 0
0.1034 5 1 235 1000021 0
0.1034 6 1 235 1000021 0
0.1034 7 1 235 1000021 0
0.1034 8 1 235 1000021 0
0.105 2 1 235 1000021 0
0.105 3 1 235 1000021 0
0.105 4 1 235 1000021 0
0.105 5 1 235 1000021 0
0.105 6 1 235 1000021 0
0.105 7 1 235 1000021 0
0.105 8 1 235 1000021 0
0.106 1 3 19 1000004 0
0.106 1 6 19 1000004 0
0.106 1 2 19 1000004 0
0.106 1 5 19 1000004 0
0.106 1 8 19 1000004 0
0.106 1 4 19 1000004 0
0.106 1 6 19 1000008 0
0.106 1 2 19 1000008 0
0.106 1 5 19 1000008 0
0.106 1 6 19 1000012 0
0.106 1 2 19 1000012 0
0.1066 2 1 235 1000021 0
0.1066 3 1 235 1000021 0
0.1066 4 1 235 1000021 0
0.1066 5 1 235 1000021 0
0.1066 6 1 235 1000021 0
0.1066 7 1 235 1000021 0
0.1066 8 1 235 1000021 0
0.107 3 5 127 1000013 0
0.107 6 8 127 1000013 0
0.107 2 4 127 1000013 0
0.107 5 7 127 1000013 0
0.107 8 4 127 1000013 0
0.107 4 8 127 1000013 0
0.107 6 5 127 1000013 0
0.107 2 7 127 1000013 0
0.107 2 5 127 1000013 0
0.107 5 7 127 1000022 0
0.107 6 5 127 1000022 0
0.108 5 3 23 1000004 0
0.108 8 6 23 1000004 0
0.108 4 2 23 1000004 0
0.108 7 5 23 1000004 0
0.108 4 8 23 1000004 0
0.108 8 4 23 1000004 0
0.108 5 6 23 1000004 0
0.108 7 2 23 1000004 0
0.108 5 2 23 1000004 0
0.108 7 5 23 1000004 0
0.108 5 6 23 1000004 0
0.1082 2 1 235 1000021 0
0.1082 3 1 235 1000021 0
0.1082 4 1 235 1000021 0
0.1082 5 1 235 1000021 0
0.1082 6 1 235 1000021 0
0.1082 7 1 235 1000021 0
0.1082 8 1 235 1000021 0
0.109 3 5 13 1000003 0
0.109 6 8 13 1000003 0
0.109 2 4 13 1000003 0
0.109 5 7 13 1000003 0
0.109 8 4 13 1000003 0
0.109 4 8 13 1000003 0
0.109 6 5 13 1000003 0
0.109 2 7 13 1000003 0
0.109 2 5 13 1000003 0
0.109 5 7 13 1000003 0
0.109 6 5 13 1000003 0
0.1098 2 1 235 1000021 0
0.1098 3 1 235 1000021 0
0.1098 4 1 235 1000021 0
0.1098 5 1 235 1000021 0
0.1098 6 1 235 1000021 0
0.1098 7 1 235 1000021 0
0.1098 8 1 235 1000021 0
0.110768 4 1 19 1000004 0
0.110768 5 1 19 1000004 0
0.110768 7 1 19 1000004 0
0.110768 8 1 19 1000004 0
0.110768 4 1 19 1000008 0
0.110768 5 1 19 1000008 0
0.110768 7 1 19 1000008 0
0.110768 8 1 19 1000008 0
0.110768 5 1 19 1000012 0
0.110768 7 1 19 1000012 0
0.110768 5 1 19 1000016 0
0.1114 2 1 235 1000021 0
0.1114 3 1 235 1000021 0
0.1114 4 1 235 1000021 0
0.1114 5 1 235 1000021 0
0.1114 6 1 235 1000021 0
0.1114 7 1 235 1000021 0
0.1114 8 1 235 1000021 0
0.111768 1 2 11 1000003 0
0.111768 1 3 11 1000003 0
0.111768 1 5 11 1000003 0
0.111768 1 6 11 1000003 0
0.111768 1 8 11 1000003 0
0.111768 1 6 11 1000003 0
0.111768 1 2 11 1000003 0
0.111768 1 4 11 1000003 0
0.111768 1 2 11 1000003 0
0.111768 1 5 11 1000003 0
0.111768 1 6 11 1000003 0
0.112005 1 4 1322 1000108 1
0.112008 1 7 1322 1000108 1
0.112009 1 4 1322 1000108 1
0.112011 1 5 1322 1000108 1
0.112015 1 5 1322 1000108 1
0.112505 1 4 1322 1000108 1
0.112509 1 4 1322 1000108 1
0.112511 1 5 1322 1000108 1
0.112514 1 5 1322 1000108 1
0.112515 1 5 1322 1000108 1
0.113 2 1 235 1000021 0
0.113 3 1 235 1000021 0
0.113 4 1 235 1000021 0
0.113 5 1 235 1000021 0
0.113 6 1 235 1000021 0
0.113 7 1 235 1000021 0
0.113 8 1 235 1000021 0
0.113001 1 3 1322 1000108 1
0.113002 1 5 1322 1000108 1
0.113005 1 4 1322 1000108 1
0.113006 1 7 1322 1000108 1
0.113008 1 7 1322 1000108 1
0.113009 1 4 1322 1000108 1
0.11301 1 4 1322 1000108 1
0.113012 1 7 1322 1000108 1
0.113502 1 5 1322 1000108 1
0.113505 1 4 1322 1000108 1
0.113507 1 7 1322 1000108 1
0.113508 1 7 1322 1000108 1
0.113509 1 4 1322 1000108 1
0.113511 1 5 1322 1000108 1
0.113514 1 5 1322 1000108 1
0.114001 1 3 1322 1000108 1
0.114002 1 5 1322 1000108 1
0.114005 1 4 1322 1000108 1
0.114009 1 4 1322 1000108 1
0.11401 1 4 1322 1000108 1
0.114011 1 5 1322 1000108 1
0.114015 1 5 1322 1000108 1
0.114502 1 5 1322 1000108 1
0.114503 1 8 1322 1000108 1
0.114505 1 4 1322 1000108 1
0.114506 1 7 1322 1000108 1
0.114507 1 7 1322 1000108 1
0.114508 1 7 1322 1000108 1
0.114509 1 4 1322 1000108 1
0.11451 1 4 1322 1000108 1
0.114511 1 5 1322 1000108 1
0.114512 1 7 1322 1000108 1
0.114513 1 8 1322 1000108 1
0.114514 1 5 1322 1000108 1
0.114515 1 5 1322 1000108 1
0.1146 2 1 235 1000021 0
0.1146 3 1 235 1000021 0
0.1146 4 1 235 1000021 0
0.1146 5 1 235 1000021 0
0.1146 6 1 235 1000021 0
0.1146 7 1 235 1000021 0
0.1146 8 1 235 1000021 0
0.115001 1 3 1322 1000108 1
0.115003 1 8 1322 1000108 1
0.115006 1 7 1322 1000108 1
0.115008 1 7 1322 1000108 1
0.115011 1 5 1322 1000108 1
0.115014 1 5 1322 1000108 1
0.115015 1 5 1322 1000108 1
0.115501 1 3 1322 1000108 1
0.115502 1 5 1322 1000108 1
0.115509 1 4 1322 1000108 1
0.11551 1 4 1322 1000108 1
0.115512 1 7 1322 1000108 1
0.115513 1 8 1322 1000108 1
0.115514 1 5 1322 1000108 1
0.116002 1 5 1322 1000108 1
0.116005 1 4 1322 1000108 1
0.116006 1 7 1322 1000108 1
0.116007 1 7 1322 1000108 1
0.11601 1 4 1322 1000108 1
0.116011 1 5 1322 1000108 1
0.116013 1 8 1322 1000108 1
0.1162 2 1 235 1000021 0
0.1162 3 1 235 1000021 0
0.1162 4 1 235 1000021 0
0.1162 5 1 235 1000021 0
0.1162 6 1 235 1000021 0
0.1162 7 1 235 1000021 0
0.1162 8 1 235 1000021 0
0.116501 1 3 1322 1000108 1
0.116507 1 7 1322 1000108 1
0.11651 1 4 1322 1000108 1
0.116512 1 7 1322 1000108 1
0.116513 1 8 1322 1000108 1
0.116514 1 5 1322 1000108 1
0.117005 1 4 1322 1000108 1
0.117007 1 7 1322 1000108 1
0.117009 1 4 1322 1000108 1
0.117011 1 5 1322 1000108 1
0.117012 1 7 1322 1000108 1
0.117014 1 5 1322 1000108 1
0.117501 1 3 1322 1000108 1
0.117502 1 5 1322 1000108 1
0.117503 1 8 1322 1000108 1
0.117505 1 4 1322 1000108 1
0.117506 1 7 1322 1000108 1
0.11751 1 4 1322 1000108 1
0.1178 2 1 235 1000021 0
0.1178 3 1 235 1000021 0
0.1178 4 1 235 1000021 0
0.1178 5 1 235 1000021 0
0.1178 6 1 235 1000021 0
0.1178 7 1 235 1000021 0
0.1178 8 1 235 1000021 0
0.118005 1 4 1322 1000108 1
0.118006 1 7 1322 1000108 1
0.118007 1 7 1322 1000108 1
0.118012 1 7 1322 1000108 1
0.118014 1 5 1322 1000108 1
0.118502 1 5 1322 1000108 1
0.118508 1 7 1322 1000108 1
0.118511 1 5 1322 1000108 1
0.118513 1 8 1322 1000108 1
0.118514 1 5 1322 1000108 1
0.118515 1 5 1322 1000108 1
0.119001 1 3 1322 1000108 1
0.119002 1 5 1322 1000108 1
0.119005 1 4 1322 1000108 1
0.119006 1 7 1322 1000108 1
0.119007 1 7 1322 1000108 1
0.119009 1 4 1322 1000108 1
0.119012 1 7 1322 1000108 1
0.119013 1 8 1322 1000108 1
0.119014 1 5 1322 1000108 1
0.119015 1 5 1322 1000108 1
0.1194 2 1 235 1000021 0
0.1194 3 1 235 1000021 0
0.1194 4 1 235 1000021 0
0.1194 5 1 235 1000021 0
0.1194 6 1 235 1000021 0
0.1194 7 1 235 1000021 0
0.1194 8 1 235 1000021 0
0.119503 1 8 1322 1000108 1
0.119505 1 4 1322 1000108 1
0.119506 1 7 1322 1000108 1
0.119508 1 7 1322 1000108 1
0.119509 1 4 1322 1000108 1
0.11951 1 4 1322 1000108 1
0.119511 1 5 1322 1000108 1
0.119512 1 7 1322 1000108 1
0.119513 1 8 1322 1000108 1
0.119515 1 5 1322 1000108 1
0.120001 1 3 1322 1000108 1
0.120005 1 4 1322 1000108 1
0.120007 1 7 1322 1000108 1
0.12001 1 4 1322 1000108 1
0.120013 1 8 1322 1000108 1
0.120014 1 5 1322 1000108 1
0.120501 1 3 1322 1000108 1
0.120508 1 7 1322 1000108 1
0.120509 1 4 1322 1000108 1
0.120512 1 7 1322 1000108 1
0.120513 1 8 1322 1000108 1
0.120515 1 5 1322 1000108 1
0.121 2 1 235 1000021 0
0.121 3 1 235 1000021 0
0.121 4 1 235 1000021 0
0.121 5 1 235 1000021 0
0.121 6 1 235 1000021 0
0.121 7 1 235 1000021 0
0.121 8 1 235 1000021 0
0.121002 1 5 1322 1000108 1
0.121003 1 8 1322 1000108 1
0.121007 1 7 1322 1000108 1
0.121008 1 7 1322 1000108 1
0.121009 1 4 1322 1000108 1
0.12101 1 4 1322 1000108 1
0.121012 1 7 1322 1000108 1
0.121013 1 8 1322 1000108 1
0.121015 1 5 1322 1000108 1
0.121501 1 3 1322 1000108 1
0.121502 1 5 1322 1000108 1
0.121508 1 7 1322 1000108 1
0.12151 1 4 1322 1000108 1
0.121511 1 5 1322 1000108 1
0.121512 1 7 1322 1000108 1
0.121515 1 5 1322 1000108 1
0.122001 1 3 1322 1000108 1
0.122005 1 4 1322 1000108 1
0.122007 1 7 1322 1000108 1
0.122013 1 8 1322 1000108 1
0.122501 1 3 1322 1000108 1
0.122505 1 4 1322 1000108 1
0.122506 1 7 1322 1000108 1
0.122507 1 7 1322 1000108 1
0.122508 1 7 1322 1000108 1
0.12251 1 4 1322 1000108 1
0.122512 1 7 1322 1000108 1
0.122515 1 5 1322 1000108 1
0.1226 2 1 235 1000021 0
0.1226 3 1 235 1000021 0
0.1226 4 1 235 1000021 0
0.1226 5 1 235 1000021 0
0.1226 6 1 235 1000021 0
0.1226 7 1 235 1000021 0
0.1226 8 1 235 1000021 0
0.123003 1 8 1322 1000108 1
0.123005 1 4 1322 1000108 1
0.123006 1 7 1322 1000108 1
0.123008 1 7 1322 1000108 1
0.123009 1 4 1322 1000108 1
0.123011 1 5 1322 1000108 1
0.123012 1 7 1322 1000108 1
0.123013 1 8 1322 1000108 1
0.123015 1 5 1322 1000108 1
0.123502 1 5 1322 1000108 1
0.123503 1 8 1322 1000108 1
0.123505 1 4 1322 1000108 1
0.123508 1 7 1322 1000108 1
0.123509 1 4 1322 1000108 1
0.123513 1 8 1322 1000108 1
0.124001 1 3 1322 1000108 1
0.124002 1 5 1322 1000108 1
0.124005 1 4 1322 1000108 1
0.124006 1 7 1322 1000108 1
0.124009 1 4 1322 1000108 1
0.124011 1 5 1322 1000108 1
0.124013 1 8 1322 1000108 1
0.124015 1 5 1322 1000108 1
0.1242 2 1 235 1000021 0
0.1242 3 1 235 1000021 0
0.1242 4 1 235 1000021 0
0.1242 5 1 235 1000021 0
0.1242 6 1 235 1000021 0
0.1242 7 1 235 1000021 0
0.1242 8 1 235 1000021 0
0.124502 1 5 1322 1000108 1
0.124505 1 4 1322 1000108 1
0.124506 1 7 1322 1000108 1
0.124507 1 7 1322 1000108 1
0.124509 1 4 1322 1000108 1
0.124511 1 5 1322 1000108 1
0.125003 1 8 1322 1000108 1
0.125008 1 7 1322 1000108 1
0.12501 1 4 1322 1000108 1
0.125011 1 5 1322 1000108 1
0.125014 1 5 1322 1000108 1
0.125502 1 5 1322 1000108 1
0.125505 1 4 1322 1000108 1
0.125507 1 7 1322 1000108 1
0.125511 1 5 1322 1000108 1
0.125512 1 7 1322 1000108 1
0.1258 2 1 235 1000021 0
0.1258 3 1 235 1000021 0
0.1258 4 1 235 1000021 0
0.1258 5 1 235 1000021 0
0.1258 6 1 235 1000021 0
0.1258 7 1 235 1000021 0
0.1258 8 1 235 1000021 0
0.126002 1 5 1322 1000108 1
0.126003 1 8 1322 1000108 1
0.126006 1 7 1322 1000108 1
0.126007 1 7 1322 1000108 1
0.126008 1 7 1322 1000108 1
0.126009 1 4 1322 1000108 1
0.12601 1 4 1322 1000108 1
0.126012 1 7 1322 1000108 1
0.126013 1 8 1322 1000108 1
0.126015 1 5 1322 1000108 1
0.126501 1 3 1322 1000108 1
0.126502 1 5 1322 1000108 1
0.126505 1 4 1322 1000108 1
0.126506 1 7 1322 1000108 1
0.126511 1 5 1322 1000108 1
0.126512 1 7 1322 1000108 1
0.126514 1 5 1322 1000108 1
0.127002 1 5 1322 1000108 1
0.127003 1 8 1322 1000108 1
0.127005 1 4 1322 1000108 1
0.127006 1 7 1322 1000108 1
0.127009 1 4 1322 1000108 1
0.127012 1 7 1322 1000108 1
0.127013 1 8 1322 1000108 1
0.1274 2 1 235 1000021 0
0.1274 3 1 235 1000021 0
0.1274 4 1 235 1000021 0
0.1274 5 1 235 1000021 0
0.1274 6 1 235 1000021 0
0.1274 7 1 235 1000021 0
0.1274 8 1 235 1000021 0
0.127501 1 3 1322 1000108 1
0.127502 1 5 1322 1000108 1
0.127506 1 7 1322 1000108 1
0.127507 1 7 1322 1000108 1
0.127511 1 5 1322 1000108 1
0.127512 1 7 1322 1000108 1
0.127514 1 5 1322 1000108 1
0.127515 1 5 1322 1000108 1
0.128001 1 3 1322 1000108 1
0.128002 1 5 1322 1000108 1
0.128003 1 8 1322 1000108 1
0.128005 1 4 1322 1000108 1
0.128007 1 7 1322 1000108 1
0.128008 1 7 1322 1000108 1
0.12801 1 4 1322 1000108 1
0.128011 1 5 1322 1000108 1
0.128013 1 8 1322 1000108 1
0.128014 1 5 1322 1000108 1
0.128503 1 8 1322 1000108 1
0.128505 1 4 1322 1000108 1
0.128507 1 7 1322 1000108 1
0.128509 1 4 1322 1000108 1
0.128511 1 5 1322 1000108 1
0.128512 1 7 1322 1000108 1
0.128513 1 8 1322 1000108 1
0.128515 1 5 1322 1000108 1
0.129 2 1 235 1000021 0
0.129 3 1 235 1000021 0
0.129 4 1 235 1000021 0
0.129 5 1 235 1000021 0
0.129 6 1 235 1000021 0
0.129 7 1 235 1000021 0
0.129 8 1 235 1000021 0
0.129002 1 5 1322 1000108 1
0.129006 1 7 1322 1000108 1
0.12901 1 4 1322 1000108 1
0.129011 1 5 1322 1000108 1
0.129015 1 5 1322 1000108 1
0.129502 1 5 1322 1000108 1
0.129503 1 8 1322 1000108 1
0.129505 1 4 1322 1000108 1
0.129506 1 7 1322 1000108 1
0.129507 1 7 1322 1000108 1
0.129509 1 4 1322 1000108 1
0.129511 1 5 1322 1000108 1
0.129513 1 8 1322 1000108 1
0.129515 1 5 1322 1000108 1
0.130001 1 3 1322 1000108 1
0.130002 1 5 1322 1000108 1
0.130003 1 8 1322 1000108 1
0.130006 1 7 1322 1000108 1
0.130007 1 7 1322 1000108 1
0.130011 1 5 1322 1000108 1
0.130013 1 8 1322 1000108 1
0.130503 1 8 1322 1000108 1
0.130505 1 4 1322 1000108 1
0.130506 1 7 1322 1000108 1
0.130509 1 4 1322 1000108 1
0.130514 1 5 1322 1000108 1
0.130515 1 5 1322 1000108 1
0.1306 2 1 235 1000021 0
0.1306 3 1 235 1000021 0
0.1306 4 1 235 1000021 0
0.1306 5 1 235 1000021 0
0.1306 6 1 235 1000021 0
0.1306 7 1 235 1000021 0
0.1306 8 1 235 1000021 0
0.131001 1 3 1322 1000108 1
0.131006 1 7 1322 1000108 1
0.131007 1 7 1322 1000108 1
0.131009 1 4 1322 1000108 1
0.13101 1 4 1322 1000108 1
0.131012 1 7 1322 1000108 1
0.131013 1 8 1322 1000108 1
0.131014 1 5 1322 1000108 1
0.131501 1 3 1322 1000108 1
0.131503 1 8 1322 1000108 1
0.131507 1 7 1322 1000108 1
0.131508 1 7 1322 1000108 1
0.131512 1 7 1322 1000108 1
0.131513 1 8 1322 1000108 1
0.131514 1 5 1322 1000108 1
0.131515 1 5 1322 1000108 1
0.132001 1 3 1322 1000108 1
0.132003 1 8 1322 1000108 1
0.132005 1 4 1322 1000108 1
0.132007 1 7 1322 1000108 1
0.132008 1 7 1322 1000108 1
0.132011 1 5 1322 1000108 1
0.132012 1 7 1322 1000108 1
0.132014 1 5 1322 1000108 1
0.132015 1 5 1322 1000108 1
0.1322 2 1 235 1000021 0
0.1322 3 1 235 1000021 0
0.1322 4 1 235 1000021 0
0.1322 5 1 235 1000021 0
0.1322 6 1 235 1000021 0
0.1322 7 1 235 1000021 0
0.1322 8 1 235 1000021 0
0.132501 1 3 1322 1000108 1
0.132503 1 8 1322 1000108 1
0.132505 1 4 1322 1000108 1
0.132506 1 7 1322 1000108 1
0.132507 1 7 1322 1000108 1
0.132508 1 7 1322 1000108 1
0.132509 1 4 1322 1000108 1
0.133003 1 8 1322 1000108 1
0.133005 1 4 1322 1000108 1
0.133007 1 7 1322 1000108 1
0.133008 1 7 1322 1000108 1
0.133009 1 4 1322 1000108 1
0.133012 1 7 1322 1000108 1
0.133013 1 8 1322 1000108 1
0.133014 1 5 1322 1000108 1
0.133015 1 5 1322 1000108 1
0.133501 1 3 1322 1000108 1
0.133502 1 5 1322 1000108 1
0.133503 1 8 1322 1000108 1
0.133506 1 7 1322 1000108 1
0.133507 1 7 1322 1000108 1
0.133508 1 7 1322 1000108 1
0.133509 1 4 1322 1000108 1
0.13351 1 4 1322 1000108 1
0.133511 1 5 1322 1000108 1
0.133513 1 8 1322 1000108 1
0.133514 1 5 1322 1000108 1
0.1338 2 1 235 1000021 0
0.1338 3 1 235 1000021 0
0.1338 4 1 235 1000021 0
0.1338 5 1 235 1000021 0
0.1338 6 1 235 1000021 0
0.1338 7 1 235 1000021 0
0.1338 8 1 235 1000021 0
0.134001 1 3 1322 1000108 1
0.134002 1 5 1322 1000108 1
0.134003 1 8 1322 1000108 1
0.134005 1 4 1322 1000108 1
0.134006 1 7 1322 1000108 1
0.13401 1 4 1322 1000108 1
0.134012 1 7 1322 1000108 1
0.134501 1 3 1322 1000108 1
0.134503 1 8 1322 1000108 1
0.134506 1 7 1322 1000108 1
0.134507 1 7 1322 1000108 1
0.134508 1 7 1322 1000108 1
0.134509 1 4 1322 1000108 1
0.13451 1 4 1322 1000108 1
0.134511 1 5 1322 1000108 1
0.134514 1 5 1322 1000108 1
0.135005 1 4 1322 1000108 1
0.13501 1 4 1322 1000108 1
0.135012 1 7 1322 1000108 1
0.135014 1 5 1322 1000108 1
0.1354 2 1 235 1000021 0
0.1354 3 1 235 1000021 0
0.1354 4 1 235 1000021 0
0.1354 5 1 235 1000021 0
0.1354 6 1 235 1000021 0
0.1354 7 1 235 1000021 0
0.1354 8 1 235 1000021 0
0.135501 1 3 1322 1000108 1
0.135507 1 7 1322 1000108 1
0.135508 1 7 1322 1000108 1
0.135511 1 5 1322 1000108 1
0.135512 1 7 1322 1000108 1
0.135513 1 8 1322 1000108 1
0.136001 1 3 1322 1000108 1
0.136002 1 5 1322 1000108 1
0.136003 1 8 1322 1000108 1
0.136005 1 4 1322 1000108 1
0.136007 1 7 1322 1000108 1
0.13601 1 4 1322 1000108 1
0.136012 1 7 1322 1000108 1
0.136502 1 5 1322 1000108 1
0.136503 1 8 1322 1000108 1
0.136505 1 4 1322 1000108 1
0.136509 1 4 1322 1000108 1
0.136512 1 7 1322 1000108 1
0.136514 1 5 1322 1000108 1
0.136515 1 5 1322 1000108 1
0.137 2 1 235 1000021 0
0.137 3 1 235 1000021 0
0.137 4 1 235 1000021 0
0.137 5 1 235 1000021 0
0.137 6 1 235 1000021 0
0.137 7 1 235 1000021 0
0.137 8 1 235 1000021 0
0.137003 1 8 1322 1000108 1
0.137006 1 7 1322 1000108 1
0.137008 1 7 1322 1000108 1
0.137011 1 5 1322 1000108 1
0.137012 1 7 1322 1000108 1
0.137015 1 5 1322 1000108 1
0.137502 1 5 1322 1000108 1
0.137509 1 4 1322 1000108 1
0.13751 1 4 1322 1000108 1
0.137511 1 5 1322 1000108 1
0.137513 1 8 1322 1000108 1
0.138001 1 3 1322 1000108 1
0.138005 1 4 1322 1000108 1
0.138009 1 4 1322 1000108 1
0.13801 1 4 1322 1000108 1
0.138011 1 5 1322 1000108 1
0.138014 1 5 1322 1000108 1
0.138503 1 8 1322 1000108 1
0.138507 1 7 1322 1000108 1
0.138508 1 7 1322 1000108 1
0.138515 1 5 1322 1000108 1
0.1386 2 1 235 1000021 0
0.1386 3 1 235 1000021 0
0.1386 4 1 235 1000021 0
0.1386 5 1 235 1000021 0
0.1386 6 1 235 1000021 0
0.1386 7 1 235 1000021 0
0.1386 8 1 235 1000021 0
0.139001 1 3 1322 1000108 1
0.139005 1 4 1322 1000108 1
0.139008 1 7 1322 1000108 1
0.139505 1 4 1322 1000108 1
0.139506 1 7 1322 1000108 1
0.139507 1 7 1322 1000108 1
0.139511 1 5 1322 1000108 1
0.139513 1 8 1322 1000108 1
0.139514 1 5 1322 1000108 1
0.14001 1 4 1322 1000108 1
0.140014 1 5 1322 1000108 1
0.140015 1 5 1322 1000108 1
0.1402 2 1 235 1000021 0
0.1402 3 1 235 1000021 0
0.1402 4 1 235 1000021 0
0.1402 5 1 235 1000021 0
0.1402 6 1 235 1000021 0
0.1402 7 1 235 1000021 0
0.1402 8 1 235 1000021 0
0.140501 1 3 1322 1000108 1
0.140503 1 8 1322 1000108 1
0.140505 1 4 1322 1000108 1
0.140507 1 7 1322 1000108 1
0.140508 1 7 1322 1000108 1
0.140511 1 5 1322 1000108 1
0.140512 1 7 1322 1000108 1
0.140515 1 5 1322 1000108 1
0.141002 1 5 1322 1000108 1
0.141003 1 8 1322 1000108 1
0.141005 1 4 1322 1000108 1
0.141006 1 7 1322 1000108 1
0.141009 1 4 1322 1000108 1
0.14101 1 4 1322 1000108 1
0.141011 1 5 1322 1000108 1
0.141014 1 5 1322 1000108 1
0.141015 1 5 1322 1000108 1
0.141501 1 3 1322 1000108 1
0.141502 1 5 1322 1000108 1
0.141503 1 8 1322 1000108 1
0.141505 1 4 1322 1000108 1
0.141508 1 7 1322 1000108 1
0.141509 1 4 1322 1000108 1
0.14151 1 4 1322 1000108 1
0.141512 1 7 1322 1000108 1
0.141513 1 8 1322 1000108 1
0.141514 1 5 1322 1000108 1
0.1418 2 1 235 1000021 0
0.1418 3 1 235 1000021 0
0.1418 4 1 235 1000021 0
0.1418 5 1 235 1000021 0
0.1418 6 1 235 1000021 0
0.1418 7 1 235 1000021 0
0.1418 8 1 235 1000021 0
0.142001 1 3 1322 1000108 1
0.142007 1 7 1322 1000108 1
0.142008 1 7 1322 1000108 1
0.142009 1 4 1322 1000108 1
0.142011 1 5 1322 1000108 1
0.142012 1 7 1322 1000108 1
0.142015 1 5 1322 1000108 1
0.142502 1 5 1322 1000108 1
0.142505 1 4 1322 1000108 1
0.142506 1 7 1322 1000108 1
0.142508 1 7 1322 1000108 1
0.14251 1 4 1322 1000108 1
0.142515 1 5 1322 1000108 1
0.143003 1 8 1322 1000108 1
0.143005 1 4 1322 1000108 1
0.143006 1 7 1322 1000108 1
0.143008 1 7 1322 1000108 1
0.14301 1 4 1322 1000108 1
0.143014 1 5 1322 1000108 1
0.1434 2 1 235 1000021 0
0.1434 3 1 235 1000021 0
0.1434 4 1 235 1000021 0
0.1434 5 1 235 1000021 0
0.1434 6 1 235 1000021 0
0.1434 7 1 235 1000021 0
0.1434 8 1 235 1000021 0
0.143502 1 5 1322 1000108 1
0.143503 1 8 1322 1000108 1
0.143505 1 4 1322 1000108 1
0.143506 1 7 1322 1000108 1
0.143508 1 7 1322 1000108 1
0.143511 1 5 1322 1000108 1
0.143512 1 7 1322 1000108 1
0.143515 1 5 1322 1000108 1
0.144003 1 8 1322 1000108 1
0.144005 1 4 1322 1000108 1
0.144008 1 7 1322 1000108 1
0.144009 1 4 1322 1000108 1
0.144012 1 7 1322 1000108 1
0.144015 1 5 1322 1000108 1
0.144502 1 5 1322 1000108 1
0.144503 1 8 1322 1000108 1
0.144506 1 7 1322 1000108 1
0.144507 1 7 1322 1000108 1
0.144508 1 7 1322 1000108 1
0.144509 1 4 1322 1000108 1
0.144512 1 7 1322 1000108 1
0.144515 1 5 1322 1000108 1
0.145 2 1 235 1000021 0
0.145 3 1 235 1000021 0
0.145 4 1 235 1000021 0
0.145 5 1 235 1000021 0
0.145 6 1 235 1000021 0
0.145 7 1 235 1000021 0
0.145 8 1 235 1000021 0
0.145003 1 8 1322 1000108 1
0.145005 1 4 1322 1000108 1
0.145006 1 7 1322 1000108 1
0.145009 1 4 1322 1000108 1
0.14501 1 4 1322 1000108 1
0.145012 1 7 1322 1000108 1
0.145014 1 5 1322 1000108 1
0.145015 1 5 1322 1000108 1
0.145505 1 4 1322 1000108 1
0.145508 1 7 1322 1000108 1
0.145509 1 4 1322 1000108 1
0.145511 1 5 1322 1000108 1
0.146001 1 3 1322 1000108 1
0.146003 1 8 1322 1000108 1
0.146007 1 7 1322 1000108 1
0.146013 1 8 1322 1000108 1
0.146014 1 5 1322 1000108 1
0.146015 1 5 1322 1000108 1
0.146501 1 3 1322 1000108 1
0.146502 1 5 1322 1000108 1
0.146505 1 4 1322 1000108 1
0.146509 1 4 1322 1000108 1
0.14651 1 4 1322 1000108 1
0.146513 1 8 1322 1000108 1
0.146515 1 5 1322 1000108 1
0.1466 2 1 235 1000021 0
0.1466 3 1 235 1000021 0
0.1466 4 1 235 1000021 0
0.1466 5 1 235 1000021 0
0.1466 6 1 235 1000021 0
0.1466 7 1 235 1000021 0
0.1466 8 1 235 1000021 0
0.147003 1 8 1322 1000108 1
0.147005 1 4 1322 1000108 1
0.147007 1 7 1322 1000108 1
0.14701 1 4 1322 1000108 1
0.147012 1 7 1322 1000108 1
0.147015 1 5 1322 1000108 1
0.147502 1 5 1322 1000108 1
0.147506 1 7 1322 1000108 1
0.147508 1 7 1322 1000108 1
0.14751 1 4 1322 1000108 1
0.147512 1 7 1322 1000108 1
0.147514 1 5 1322 1000108 1
0.148001 1 3 1322 1000108 1
0.148002 1 5 1322 1000108 1
0.148006 1 7 1322 1000108 1
0.148008 1 7 1322 1000108 1
0.148009 1 4 1322 1000108 1
0.148014 1 5 1322 1000108 1
0.148015 1 5 1322 1000108 1
0.1482 2 1 235 1000021 0
0.1482 3 1 235 1000021 0
0.1482 4 1 235 1000021 0
0.1482 5 1 235 1000021 0
0.1482 6 1 235 1000021 0
0.1482 7 1 235 1000021 0
0.1482 8 1 235 1000021 0
0.148501 1 3 1322 1000108 1
0.148502 1 5 1322 1000108 1
0.148503 1 8 1322 1000108 1
0.148507 1 7 1322 1000108 1
0.148508 1 7 1322 1000108 1
0.148512 1 7 1322 1000108 1
0.148513 1 8 1322 1000108 1
0.148514 1 5 1322 1000108 1
0.148515 1 5 1322 1000108 1
0.149001 1 3 1322 1000108 1
0.149002 1 5 1322 1000108 1
0.149003 1 8 1322 1000108 1
0.149005 1 4 1322 1000108 1
0.149007 1 7 1322 1000108 1
0.149009 1 4 1322 1000108 1
0.14901 1 4 1322 1000108 1
0.149011 1 5 1322 1000108 1
0.149012 1 7 1322 1000108 1
0.149013 1 8 1322 1000108 1
0.149501 1 3 1322 1000108 1
0.149503 1 8 1322 1000108 1
0.149506 1 7 1322 1000108 1
0.149508 1 7 1322 1000108 1
0.149509 1 4 1322 1000108 1
0.14951 1 4 1322 1000108 1
0.149514 1 5 1322 1000108 1
0.1498 2 1 235 1000021 0
0.1498 3 1 235 1000021 0
0.1498 4 1 235 1000021 0
0.1498 5 1 235 1000021 0
0.1498 6 1 235 1000021 0
0.1498 7 1 235 1000021 0
0.1498 8 1 235 1000021 0
0.150001 1 3 1322 1000108 1
0.150006 1 7 1322 1000108 1
0.150007 1 7 1322 1000108 1
0.150008 1 7 1322 1000108 1
0.150009 1 4 1322 1000108 1
0.150011 1 5 1322 1000108 1
0.150012 1 7 1322 1000108 1
0.150015 1 5 1322 1000108 1
0.150501 1 3 1322 1000108 1
0.150503 1 8 1322 1000108 1
0.150505 1 4 1322 1000108 1
0.150506 1 7 1322 1000108 1
0.150507 1 7 1322 1000108 1
0.150509 1 4 1322 1000108 1
0.15051 1 4 1322 1000108 1
0.150511 1 5 1322 1000108 1
0.150512 1 7 1322 1000108 1
0.150513 1 8 1322 1000108 1
0.150514 1 5 1322 1000108 1
0.151001 1 3 1322 1000108 1
0.151003 1 8 1322 1000108 1
0.151006 1 7 1322 1000108 1
0.151007 1 7 1322 1000108 1
0.151008 1 7 1322 1000108 1
0.151009 1 4 1322 1000108 1
0.15101 1 4 1322 1000108 1
0.151011 1 5 1322 1000108 1
0.151013 1 8 1322 1000108 1
0.1514 2 1 235 1000021 0
0.1514 3 1 235 1000021 0
0.1514 4 1 235 1000021 0
0.1514 5 1 235 1000021 0
0.1514 6 1 235 1000021 0
0.1514 7 1 235 1000021 0
0.1514 8 1 235 1000021 0
0.151501 1 3 1322 1000108 1
0.151502 1 5 1322 1000108 1
0.151506 1 7 1322 1000108 1
0.151508 1 7 1322 1000108 1
0.151509 1 4 1322 1000108 1
0.15151 1 4 1322 1000108 1
0.151511 1 5 1322 1000108 1
0.151512 1 7 1322 1000108 1
0.151513 1 8 1322 1000108 1
0.151514 1 5 1322 1000108 1
0.151515 1 5 1322 1000108 1
0.152002 1 5 1322 1000108 1
0.152003 1 8 1322 1000108 1
0.152005 1 4 1322 1000108 1
0.152006 1 7 1322 1000108 1
0.152008 1 7 1322 1000108 1
0.15201 1 4 1322 1000108 1
0.152011 1 5 1322 1000108 1
0.152012 1 7 1322 1000108 1
0.152015 1 5 1322 1000108 1
0.152501 1 3 1322 1000108 1
0.152502 1 5 1322 1000108 1
0.152506 1 7 1322 1000108 1
0.15251 1 4 1322 1000108 1
0.152512 1 7 1322 1000108 1
0.152513 1 8 1322 1000108 1
0.152515 1 5 1322 1000108 1
0.153 2 1 235 1000021 0
0.153 3 1 235 1000021 0
0.153 4 1 235 1000021 0
0.153 5 1 235 1000021 0
0.153 6 1 235 1000021 0
0.153 7 1 235 1000021 0
0.153 8 1 235 1000021 0
0.153007 1 7 1322 1000108 1
0.153009 1 4 1322 1000108 1
0.153011 1 5 1322 1000108 1
0.153012 1 7 1322 1000108 1
0.153015 1 5 1322 1000108 1
0.153501 1 3 1322 1000108 1
0.153502 1 5 1322 1000108 1
0.153505 1 4 1322 1000108 1
0.153507 1 7 1322 1000108 1
0.153508 1 7 1322 1000108 1
0.153511 1 5 1322 1000108 1
0.153513 1 8 1322 1000108 1
0.153515 1 5 1322 1000108 1
0.154001 1 3 1322 1000108 1
0.154002 1 5 1322 1000108 1
0.154006 1 7 1322 1000108 1
0.154008 1 7 1322 1000108 1
0.154009 1 4 1322 1000108 1
0.154011 1 5 1322 1000108 1
0.154012 1 7 1322 1000108 1
0.154505 1 4 1322 1000108 1
0.154506 1 7 1322 1000108 1
0.154507 1 7 1322 1000108 1
0.154508 1 7 1322 1000108 1
0.15451 1 4 1322 1000108 1
0.154512 1 7 1322 1000108 1
0.154515 1 5 1322 1000108 1
0.1546 2 1 235 1000021 0
0.1546 3 1 235 1000021 0
0.1546 4 1 235 1000021 0
0.1546 5 1 235 1000021 0
0.1546 6 1 235 1000021 0
0.1546 7 1 235 1000021 0
0.1546 8 1 235 1000021 0
0.155001 1 3 1322 1000108 1
0.155002 1 5 1322 1000108 1
0.155006 1 7 1322 1000108 1
0.155009 1 4 1322 1000108 1
0.155013 1 8 1322 1000108 1
0.155014 1 5 1322 1000108 1
0.155015 1 5 1322 1000108 1
0.155503 1 8 1322 1000108 1
0.155505 1 4 1322 1000108 1
0.155506 1 7 1322 1000108 1
0.155508 1 7 1322 1000108 1
0.155514 1 5 1322 1000108 1
0.156001 1 3 1322 1000108 1
0.156002 1 5 1322 1000108 1
0.156005 1 4 1322 1000108 1
0.156006 1 7 1322 1000108 1
0.156007 1 7 1322 1000108 1
0.156008 1 7 1322 1000108 1
0.156009 1 4 1322 1000108 1
0.156013 1 8 1322 1000108 1
0.156014 1 5 1322 1000108 1
0.1562 2 1 235 1000021 0
0.1562 3 1 235 1000021 0
0.1562 4 1 235 1000021 0
0.1562 5 1 235 1000021 0
0.1562 6 1 235 1000021 0
0.1562 7 1 235 1000021 0
0.1562 8 1 235 1000021 0
0.156502 1 5 1322 1000108 1
0.156503 1 8 1322 1000108 1
0.156505 1 4 1322 1000108 1
0.156507 1 7 1322 1000108 1
0.15651 1 4 1322 1000108 1
0.156512 1 7 1322 1000108 1
0.156514 1 5 1322 1000108 1
0.156515 1 5 1322 1000108 1
0.157001 1 3 1322 1000108 1
0.157005 1 4 1322 1000108 1
0.157006 1 7 1322 1000108 1
0.157007 1 7 1322 1000108 1
0.157008 1 7 1322 1000108 1
0.157011 1 5 1322 1000108 1
0.157013 1 8 1322 1000108 1
0.157014 1 5 1322 1000108 1
0.157501 1 3 1322 1000108 1
0.157506 1 7 1322 1000108 1
0.157507 1 7 1322 1000108 1
0.15751 1 4 1322 1000108 1
0.157512 1 7 1322 1000108 1
0.157515 1 5 1322 1000108 1
0.1578 2 1 235 1000021 0
0.1578 3 1 235 1000021 0
0.1578 4 1 235 1000021 0
0.1578 5 1 235 1000021 0
0.1578 6 1 235 1000021 0
0.1578 7 1 235 1000021 0
0.1578 8 1 235 1000021 0
0.158002 1 5 1322 1000108 1
0.158003 1 8 1322 1000108 1
0.158006 1 7 1322 1000108 1
0.15801 1 4 1322 1000108 1
0.158013 1 8 1322 1000108 1
0.158015 1 5 1322 1000108 1
0.158503 1 8 1322 1000108 1
0.158506 1 7 1322 1000108 1
0.158507 1 7 1322 1000108 1
0.158508 1 7 1322 1000108 1
0.158509 1 4 1322 1000108 1
0.158511 1 5 1322 1000108 1
0.158513 1 8 1322 1000108 1
0.159005 1 4 1322 1000108 1
0.159008 1 7 1322 1000108 1
0.159009 1 4 1322 1000108 1
0.15901 1 4 1322 1000108 1
0.159011 1 5 1322 1000108 1
0.1594 2 1 235 1000021 0
0.1594 3 1 235 1000021 0
0.1594 4 1 235 1000021 0
0.1594 5 1 235 1000021 0
0.1594 6 1 235 1000021 0
0.1594 7 1 235 1000021 0
0.1594 8 1 235 1000021 0
0.159501 1 3 1322 1000108 1
0.159505 1 4 1322 1000108 1
0.159508 1 7 1322 1000108 1
0.15951 1 4 1322 1000108 1
0.159511 1 5 1322 1000108 1
0.159512 1 7 1322 1000108 1
0.160001 1 3 1322 1000108 1
0.160002 1 5 1322 1000108 1
0.160005 1 4 1322 1000108 1
0.160006 1 7 1322 1000108 1
0.160007 1 7 1322 1000108 1
0.160008 1 7 1322 1000108 1
0.16001 1 4 1322 1000108 1
0.160011 1 5 1322 1000108 1
0.160015 1 5 1322 1000108 1
0.160505 1 4 1322 1000108 1
0.160506 1 7 1322 1000108 1
0.160507 1 7 1322 1000108 1
0.160509 1 4 1322 1000108 1
0.16051 1 4 1322 1000108 1
0.160511 1 5 1322 1000108 1
0.160515 1 5 1322 1000108 1
0.161 2 1 235 1000021 0
0.161 3 1 235 1000021 0
0.161 4 1 235 1000021 0
0.161 5 1 235 1000021 0
0.161 6 1 235 1000021 0
0.161 7 1 235 1000021 0
0.161 8 1 235 1000021 0
0.161002 1 5 1322 1000108 1
0.161003 1 8 1322 1000108 1
0.161005 1 4 1322 1000108 1
0.161009 1 4 1322 1000108 1
0.16101 1 4 1322 1000108 1
0.161011 1 5 1322 1000108 1
0.161013 1 8 1322 1000108 1
0.161014 1 5 1322 1000108 1
0.161015 1 5 1322 1000108 1
0.161502 1 5 1322 1000108 1
0.161506 1 7 1322 1000108 1
0.161507 1 7 1322 1000108 1
0.161508 1 7 1322 1000108 1
0.161509 1 4 1322 1000108 1
0.16151 1 4 1322 1000108 1
0.161511 1 5 1322 1000108 1
0.161514 1 5 1322 1000108 1
0.161515 1 5 1322 1000108 1
0.162005 1 4 1322 1000108 1
0.162008 1 7 1322 1000108 1
0.162009 1 4 1322 1000108 1
0.162013 1 8 1322 1000108 1
0.162014 1 5 1322 1000108 1
0.162015 1 5 1322 1000108 1
0.162501 1 3 1322 1000108 1
0.162503 1 8 1322 1000108 1
0.162508 1 7 1322 1000108 1
0.162509 1 4 1322 1000108 1
0.16251 1 4 1322 1000108 1
0.162513 1 8 1322 1000108 1
0.162515 1 5 1322 1000108 1
0.1626 2 1 235 1000021 0
0.1626 3 1 235 1000021 0
0.1626 4 1 235 1000021 0
0.1626 5 1 235 1000021 0
0.1626 6 1 235 1000021 0
0.1626 7 1 235 1000021 0
0.1626 8 1 235 1000021 0
0.163002 1 5 1322 1000108 1
0.163003 1 8 1322 1000108 1
0.163007 1 7 1322 1000108 1
0.163009 1 4 1322 1000108 1
0.163011 1 5 1322 1000108 1
0.163012 1 7 1322 1000108 1
0.163015 1 5 1322 1000108 1
0.163501 1 3 1322 1000108 1
0.163508 1 7 1322 1000108 1
0.163509 1 4 1322 1000108 1
0.16351 1 4 1322 1000108 1
0.163515 1 5 1322 1000108 1
0.164002 1 5 1322 1000108 1
0.164003 1 8 1322 1000108 1
0.164005 1 4 1322 1000108 1
0.164006 1 7 1322 1000108 1
0.164009 1 4 1322 1000108 1
0.16401 1 4 1322 1000108 1
0.164014 1 5 1322 1000108 1
0.164015 1 5 1322 1000108 1
0.1642 2 1 235 1000021 0
0.1642 3 1 235 1000021 0
0.1642 4 1 235 1000021 0
0.1642 5 1 235 1000021 0
0.1642 6 1 235 1000021 0
0.1642 7 1 235 1000021 0
0.1642 8 1 235 1000021 0
0.164501 1 3 1322 1000108 1
0.164502 1 5 1322 1000108 1
0.164506 1 7 1322 1000108 1
0.164508 1 7 1322 1000108 1
0.164509 1 4 1322 1000108 1
0.16451 1 4 1322 1000108 1
0.164511 1 5 1322 1000108 1
0.164512 1 7 1322 1000108 1
0.164514 1 5 1322 1000108 1
0.165005 1 4 1322 1000108 1
0.165008 1 7 1322 1000108 1
0.16501 1 4 1322 1000108 1
0.165011 1 5 1322 1000108 1
0.165012 1 7 1322 1000108 1
0.165015 1 5 1322 1000108 1
0.165502 1 5 1322 1000108 1
0.165505 1 4 1322 1000108 1
0.165509 1 4 1322 1000108 1
0.16551 1 4 1322 1000108 1
0.165511 1 5 1322 1000108 1
0.165513 1 8 1322 1000108 1
0.165515 1 5 1322 1000108 1
0.1658 2 1 235 1000021 0
0.1658 3 1 235 1000021 0
0.1658 4 1 235 1000021 0
0.1658 5 1 235 1000021 0
0.1658 6 1 235 1000021 0
0.1658 7 1 235 1000021 0
0.1658 8 1 235 1000021 0
0.166003 1 8 1322 1000108 1
0.166005 1 4 1322 1000108 1
0.166007 1 7 1322 1000108 1
0.166015 1 5 1322 1000108 1
0.166501 1 3 1322 1000108 1
0.166503 1 8 1322 1000108 1
0.166506 1 7 1322 1000108 1
0.166507 1 7 1322 1000108 1
0.166511 1 5 1322 1000108 1
0.166512 1 7 1322 1000108 1
0.166515 1 5 1322 1000108 1
0.167002 1 5 1322 1000108 1
0.167003 1 8 1322 1000108 1
0.167009 1 4 1322 1000108 1
0.16701 1 4 1322 1000108 1
0.167011 1 5 1322 1000108 1
0.167014 1 5 1322 1000108 1
0.1674 2 1 235 1000021 0
0.1674 3 1 235 1000021 0
0.1674 4 1 235 1000021 0
0.1674 5 1 235 1000021 0
0.1674 6 1 235 1000021 0
0.1674 7 1 235 1000021 0
0.1674 8 1 235 1000021 0
0.167501 1 3 1322 1000108 1
0.167502 1 5 1322 1000108 1
0.167503 1 8 1322 1000108 1
0.167508 1 7 1322 1000108 1
0.16751 1 4 1322 1000108 1
0.167511 1 5 1322 1000108 1
0.167513 1 8 1322 1000108 1
0.168001 1 3 1322 1000108 1
0.168002 1 5 1322 1000108 1
0.168005 1 4 1322 1000108 1
0.168006 1 7 1322 1000108 1
0.16801 1 4 1322 1000108 1
0.168011 1 5 1322 1000108 1
0.168012 1 7 1322 1000108 1
0.168501 1 3 1322 1000108 1
0.168502 1 5 1322 1000108 1
0.168506 1 7 1322 1000108 1
0.168507 1 7 1322 1000108 1
0.168512 1 7 1322 1000108 1
0.168513 1 8 1322 1000108 1
0.168514 1 5 1322 1000108 1
0.168515 1 5 1322 1000108 1
0.169 2 1 235 1000021 0
0.169 3 1 235 1000021 0
0.169 4 1 235 1000021 0
0.169 5 1 235 1000021 0
0.169 6 1 235 1000021 0
0.169 7 1 235 1000021 0
0.169 8 1 235 1000021 0
0.169001 1 3 1322 1000108 1
0.169002 1 5 1322 1000108 1
0.169005 1 4 1322 1000108 1
0.169006 1 7 1322 1000108 1
0.169007 1 7 1322 1000108 1
0.169008 1 7 1322 1000108 1
0.16901 1 4 1322 1000108 1
0.169012 1 7 1322 1000108 1
0.169013 1 8 1322 1000108 1
0.169015 1 5 1322 1000108 1
0.169501 1 3 1322 1000108 1
0.169502 1 5 1322 1000108 1
0.169509 1 4 1322 1000108 1
0.169512 1 7 1322 1000108 1
0.170005 1 4 1322 1000108 1
0.170006 1 7 1322 1000108 1
0.170009 1 4 1322 1000108 1
0.17001 1 4 1322 1000108 1
0.170011 1 5 1322 1000108 1
0.170014 1 5 1322 1000108 1
0.170015 1 5 1322 1000108 1
0.170501 1 3 1322 1000108 1
0.170505 1 4 1322 1000108 1
0.170506 1 7 1322 1000108 1
0.170514 1 5 1322 1000108 1
0.1706 2 1 235 1000021 0
0.1706 3 1 235 1000021 0
0.1706 4 1 235 1000021 0
0.1706 5 1 235 1000021 0
0.1706 6 1 235 1000021 0
0.1706 7 1 235 1000021 0
0.1706 8 1 235 1000021 0
0.171001 1 3 1322 1000108 1
0.171002 1 5 1322 1000108 1
0.171003 1 8 1322 1000108 1
0.171006 1 7 1322 1000108 1
0.171007 1 7 1322 1000108 1
0.171009 1 4 1322 1000108 1
0.17101 1 4 1322 1000108 1
0.171011 1 5 1322 1000108 1
0.171015 1 5 1322 1000108 1
0.171501 1 3 1322 1000108 1
0.171503 1 8 1322 1000108 1
0.171507 1 7 1322 1000108 1
0.171509 1 4 1322 1000108 1
0.171511 1 5 1322 1000108 1
0.171512 1 7 1322 1000108 1
0.171514 1 5 1322 1000108 1
0.171515 1 5 1322 1000108 1
0.172001 1 3 1322 1000108 1
0.172002 1 5 1322 1000108 1
0.172003 1 8 1322 1000108 1
0.172006 1 7 1322 1000108 1
0.17201 1 4 1322 1000108 1
0.172012 1 7 1322 1000108 1
0.172013 1 8 1322 1000108 1
0.172015 1 5 1322 1000108 1
0.1722 2 1 235 1000021 0
0.1722 3 1 235 1000021 0
0.1722 4 1 235 1000021 0
0.1722 5 1 235 1000021 0
0.1722 6 1 235 1000021 0
0.1722 7 1 235 1000021 0
0.1722 8 1 235 1000021 0
0.172501 1 3 1322 1000108 1
0.172502 1 5 1322 1000108 1
0.172503 1 8 1322 1000108 1
0.172506 1 7 1322 1000108 1
0.172507 1 7 1322 1000108 1
0.172508 1 7 1322 1000108 1
0.172509 1 4 1322 1000108 1
0.17251 1 4 1322 1000108 1
0.172512 1 7 1322 1000108 1
0.172514 1 5 1322 1000108 1
0.173002 1 5 1322 1000108 1
0.173003 1 8 1322 1000108 1
0.173006 1 7 1322 1000108 1
0.173007 1 7 1322 1000108 1
0.173008 1 7 1322 1000108 1
0.173009 1 4 1322 1000108 1
0.173012 1 7 1322 1000108 1
0.173013 1 8 1322 1000108 1
0.173014 1 5 1322 1000108 1
0.173505 1 4 1322 1000108 1
0.173506 1 7 1322 1000108 1
0.173509 1 4 1322 1000108 1
0.173511 1 5 1322 1000108 1
0.173512 1 7 1322 1000108 1
0.173513 1 8 1322 1000108 1
0.173515 1 5 1322 1000108 1
0.1738 2 1 235 1000021 0
0.1738 3 1 235 1000021 0
0.1738 4 1 235 1000021 0
0.1738 5 1 235 1000021 0
0.1738 6 1 235 1000021 0
0.1738 7 1 235 1000021 0
0.1738 8 1 235 1000021 0
0.174002 1 5 1322 1000108 1
0.174003 1 8 1322 1000108 1
0.174007 1 7 1322 1000108 1
0.174008 1 7 1322 1000108 1
0.174013 1 8 1322 1000108 1
0.174014 1 5 1322 1000108 1
0.174015 1 5 1322 1000108 1
0.174502 1 5 1322 1000108 1
0.174507 1 7 1322 1000108 1
0.174508 1 7 1322 1000108 1
0.17451 1 4 1322 1000108 1
0.174514 1 5 1322 1000108 1
0.175001 1 3 1322 1000108 1
0.175002 1 5 1322 1000108 1
0.175003 1 8 1322 1000108 1
0.175007 1 7 1322 1000108 1
0.175008 1 7 1322 1000108 1
0.17501 1 4 1322 1000108 1
0.175013 1 8 1322 1000108 1
0.175014 1 5 1322 1000108 1
0.175015 1 5 1322 1000108 1
0.1754 2 1 235 1000021 0
0.1754 3 1 235 1000021 0
0.1754 4 1 235 1000021 0
0.1754 5 1 235 1000021 0
0.1754 6 1 235 1000021 0
0.1754 7 1 235 1000021 0
0.1754 8 1 235 1000021 0
0.175501 1 3 1322 1000108 1
0.175502 1 5 1322 1000108 1
0.175505 1 4 1322 1000108 1
0.175506 1 7 1322 1000108 1
0.175507 1 7 1322 1000108 1
0.175508 1 7 1322 1000108 1
0.175511 1 5 1322 1000108 1
0.175512 1 7 1322 1000108 1
0.175513 1 8 1322 1000108 1
0.175514 1 5 1322 1000108 1
0.176002 1 5 1322 1000108 1
0.176006 1 7 1322 1000108 1
0.176009 1 4 1322 1000108 1
0.17601 1 4 1322 1000108 1
0.176011 1 5 1322 1000108 1
0.176014 1 5 1322 1000108 1
0.176501 1 3 1322 1000108 1
0.176502 1 5 1322 1000108 1
0.176503 1 8 1322 1000108 1
0.176505 1 4 1322 1000108 1
0.176509 1 4 1322 1000108 1
0.176511 1 5 1322 1000108 1
0.176512 1 7 1322 1000108 1
0.176513 1 8 1322 1000108 1
0.176515 1 5 1322 1000108 1
0.177 2 1 235 1000021 0
0.177 3 1 235 1000021 0
0.177 4 1 235 1000021 0
0.177 5 1 235 1000021 0
0.177 6 1 235 1000021 0
0.177 7 1 235 1000021 0
0.177 8 1 235 1000021 0
0.177001 1 3 1322 1000108 1
0.177002 1 5 1322 1000108 1
0.177005 1 4 1322 1000108 1
0.177007 1 7 1322 1000108 1
0.177013 1 8 1322 1000108 1
0.177502 1 5 1322 1000108 1
0.177503 1 8 1322 1000108 1
0.177507 1 7 1322 1000108 1
0.177508 1 7 1322 1000108 1
0.177509 1 4 1322 1000108 1
0.177511 1 5 1322 1000108 1
0.177515 1 5 1322 1000108 1
0.178002 1 5 1322 1000108 1
0.17801 1 4 1322 1000108 1
0.178012 1 7 1322 1000108 1
0.178014 1 5 1322 1000108 1
0.178501 1 3 1322 1000108 1
0.178502 1 5 1322 1000108 1
0.178506 1 7 1322 1000108 1
0.178507 1 7 1322 1000108 1
0.178508 1 7 1322 1000108 1
0.178509 1 4 1322 1000108 1
0.17851 1 4 1322 1000108 1
0.178514 1 5 1322 1000108 1
0.178515 1 5 1322 1000108 1
0.1786 2 1 235 1000021 0
0.1786 3 1 235 1000021 0
0.1786 4 1 235 1000021 0
0.1786 5 1 235 1000021 0
0.1786 6 1 235 1000021 0
0.1786 7 1 235 1000021 0
0.1786 8 1 235 1000021 0
0.179001 1 3 1322 1000108 1
0.179006 1 7 1322 1000108 1
0.179008 1 7 1322 1000108 1
0.179012 1 7 1322 1000108 1
0.179013 1 8 1322 1000108 1
0.179014 1 5 1322 1000108 1
0.179015 1 5 1322 1000108 1
0.179501 1 3 1322 1000108 1
0.179507 1 7 1322 1000108 1
0.179508 1 7 1322 1000108 1
0.17951 1 4 1322 1000108 1
0.179513 1 8 1322 1000108 1
0.180002 1 5 1322 1000108 1
0.180005 1 4 1322 1000108 1
0.180007 1 7 1322 1000108 1
0.180009 1 4 1322 1000108 1
0.180014 1 5 1322 1000108 1
0.1802 2 1 235 1000021 0
0.1802 3 1 235 1000021 0
0.1802 4 1 235 1000021 0
0.1802 5 1 235 1000021 0
0.1802 6 1 235 1000021 0
0.1802 7 1 235 1000021 0
0.1802 8 1 235 1000021 0
0.180501 1 3 1322 1000108 1
0.180507 1 7 1322 1000108 1
0.180509 1 4 1322 1000108 1
0.180511 1 5 1322 1000108 1
0.180513 1 8 1322 1000108 1
0.181007 1 7 1322 1000108 1
0.181008 1 7 1322 1000108 1
0.18101 1 4 1322 1000108 1
0.181013 1 8 1322 1000108 1
0.181502 1 5 1322 1000108 1
0.18151 1 4 1322 1000108 1
0.181513 1 8 1322 1000108 1
0.181514 1 5 1322 1000108 1
0.1818 2 1 235 1000021 0
0.1818 3 1 235 1000021 0
0.1818 4 1 235 1000021 0
0.1818 5 1 235 1000021 0
0.1818 6 1 235 1000021 0
0.1818 7 1 235 1000021 0
0.1818 8 1 235 1000021 0
0.182002 1 5 1322 1000108 1
0.182005 1 4 1322 1000108 1
0.182007 1 7 1322 1000108 1
0.182008 1 7 1322 1000108 1
0.182009 1 4 1322 1000108 1
0.182011 1 5 1322 1000108 1
0.182012 1 7 1322 1000108 1
0.182013 1 8 1322 1000108 1
0.182015 1 5 1322 1000108 1
0.182502 1 5 1322 1000108 1
0.182503 1 8 1322 1000108 1
0.182507 1 7 1322 1000108 1
0.182508 1 7 1322 1000108 1
0.182509 1 4 1322 1000108 1
0.182515 1 5 1322 1000108 1
0.183001 1 3 1322 1000108 1
0.183002 1 5 1322 1000108 1
0.183003 1 8 1322 1000108 1
0.183007 1 7 1322 1000108 1
0.183009 1 4 1322 1000108 1
0.18301 1 4 1322 1000108 1
0.183011 1 5 1322 1000108 1
0.183014 1 5 1322 1000108 1
0.1834 2 1 235 1000021 0
0.1834 3 1 235 1000021 0
0.1834 4 1 235 1000021 0
0.1834 5 1 235 1000021 0
0.1834 6 1 235 1000021 0
0.1834 7 1 235 1000021 0
0.1834 8 1 235 1000021 0
0.183501 1 3 1322 1000108 1
0.183503 1 8 1322 1000108 1
0.183505 1 4 1322 1000108 1
0.183506 1 7 1322 1000108 1
0.183508 1 7 1322 1000108 1
0.18351 1 4 1322 1000108 1
0.183512 1 7 1322 1000108 1
0.183514 1 5 1322 1000108 1
0.184002 1 5 1322 1000108 1
0.18401 1 4 1322 1000108 1
0.184013 1 8 1322 1000108 1
0.184501 1 3 1322 1000108 1
0.184503 1 8 1322 1000108 1
0.184505 1 4 1322 1000108 1
0.184506 1 7 1322 1000108 1
0.184507 1 7 1322 1000108 1
0.184509 1 4 1322 1000108 1
0.184512 1 7 1322 1000108 1
0.184513 1 8 1322 1000108 1
0.184514 1 5 1322 1000108 1
0.184515 1 5 1322 1000108 1
0.185 2 1 235 1000021 0
0.185 3 1 235 1000021 0
0.185 4 1 235 1000021 0
0.185 5 1 235 1000021 0
0.185 6 1 235 1000021 0
0.185 7 1 235 1000021 0
0.185 8 1 235 1000021 0
0.185003 1 8 1322 1000108 1
0.185005 1 4 1322 1000108 1
0.185006 1 7 1322 1000108 1
0.185007 1 7 1322 1000108 1
0.185009 1 4 1322 1000108 1
0.185502 1 5 1322 1000108 1
0.185503 1 8 1322 1000108 1
0.185506 1 7 1322 1000108 1
0.185507 1 7 1322 1000108 1
0.18551 1 4 1322 1000108 1
0.185512 1 7 1322 1000108 1
0.185513 1 8 1322 1000108 1
0.186002 1 5 1322 1000108 1
0.186003 1 8 1322 1000108 1
0.186006 1 7 1322 1000108 1
0.186007 1 7 1322 1000108 1
0.186008 1 7 1322 1000108 1
0.18601 1 4 1322 1000108 1
0.186012 1 7 1322 1000108 1
0.186014 1 5 1322 1000108 1
0.186015 1 5 1322 1000108 1
0.186501 1 3 1322 1000108 1
0.186503 1 8 1322 1000108 1
0.186507 1 7 1322 1000108 1
0.186509 1 4 1322 1000108 1
0.18651 1 4 1322 1000108 1
0.186513 1 8 1322 1000108 1
0.1866 2 1 235 1000021 0
0.1866 3 1 235 1000021 0
0.1866 4 1 235 1000021 0
0.1866 5 1 235 1000021 0
0.1866 6 1 235 1000021 0
0.1866 7 1 235 1000021 0
0.1866 8 1 235 1000021 0
0.187001 1 3 1322 1000108 1
0.187006 1 7 1322 1000108 1
0.187008 1 7 1322 1000108 1
0.187501 1 3 1322 1000108 1
0.187505 1 4 1322 1000108 1
0.187507 1 7 1322 1000108 1
0.187508 1 7 1322 1000108 1
0.187509 1 4 1322 1000108 1
0.18751 1 4 1322 1000108 1
0.187512 1 7 1322 1000108 1
0.187513 1 8 1322 1000108 1
0.187515 1 5 1322 1000108 1
0.188003 1 8 1322 1000108 1
0.188008 1 7 1322 1000108 1
0.188011 1 5 1322 1000108 1
0.188012 1 7 1322 1000108 1
0.188014 1 5 1322 1000108 1
0.188015 1 5 1322 1000108 1
0.1882 2 1 235 1000021 0
0.1882 3 1 235 1000021 0
0.1882 4 1 235 1000021 0
0.1882 5 1 235 1000021 0
0.1882 6 1 235 1000021 0
0.1882 7 1 235 1000021 0
0.1882 8 1 235 1000021 0
0.188501 1 3 1322 1000108 1
0.188512 1 7 1322 1000108 1
0.188514 1 5 1322 1000108 1
0.188515 1 5 1322 1000108 1
0.189008 1 7 1322 1000108 1
0.189009 1 4 1322 1000108 1
0.189011 1 5 1322 1000108 1
0.189015 1 5 1322 1000108 1
0.189502 1 5 1322 1000108 1
0.189505 1 4 1322 1000108 1
0.189508 1 7 1322 1000108 1
0.189509 1 4 1322 1000108 1
0.18951 1 4 1322 1000108 1
0.189511 1 5 1322 1000108 1
0.189513 1 8 1322 1000108 1
0.1898 2 1 235 1000021 0
0.1898 3 1 235 1000021 0
0.1898 4 1 235 1000021 0
0.1898 5 1 235 1000021 0
0.1898 6 1 235 1000021 0
0.1898 7 1 235 1000021 0
0.1898 8 1 235 1000021 0
0.190002 1 5 1322 1000108 1
0.190003 1 8 1322 1000108 1
0.190005 1 4 1322 1000108 1
0.190006 1 7 1322 1000108 1
0.190007 1 7 1322 1000108 1
0.190009 1 4 1322 1000108 1
0.190013 1 8 1322 1000108 1
0.190014 1 5 1322 1000108 1
0.190501 1 3 1322 1000108 1
0.190502 1 5 1322 1000108 1
0.190505 1 4 1322 1000108 1
0.190506 1 7 1322 1000108 1
0.190509 1 4 1322 1000108 1
0.19051 1 4 1322 1000108 1
0.190511 1 5 1322 1000108 1
0.190513 1 8 1322 1000108 1
0.191001 1 3 1322 1000108 1
0.191002 1 5 1322 1000108 1
0.191003 1 8 1322 1000108 1
0.191006 1 7 1322 1000108 1
0.191007 1 7 1322 1000108 1
0.191009 1 4 1322 1000108 1
0.191011 1 5 1322 1000108 1
0.191012 1 7 1322 1000108 1
0.191013 1 8 1322 1000108 1
0.191015 1 5 1322 1000108 1
0.1914 2 1 235 1000021 0
0.1914 3 1 235 1000021 0
0.1914 4 1 235 1000021 0
0.1914 5 1 235 1000021 0
0.1914 6 1 235 1000021 0
0.1914 7 1 235 1000021 0
0.1914 8 1 235 1000021 0
0.191501 1 3 1322 1000108 1
0.191503 1 8 1322 1000108 1
0.191505 1 4 1322 1000108 1
0.191506 1 7 1322 1000108 1
0.191507 1 7 1322 1000108 1
0.191508 1 7 1322 1000108 1
0.191511 1 5 1322 1000108 1
0.191512 1 7 1322 1000108 1
0.191513 1 8 1322 1000108 1
0.192003 1 8 1322 1000108 1
0.192006 1 7 1322 1000108 1
0.19201 1 4 1322 1000108 1
0.192013 1 8 1322 1000108 1
0.192014 1 5 1322 1000108 1
0.192501 1 3 1322 1000108 1
0.192502 1 5 1322 1000108 1
0.192503 1 8 1322 1000108 1
0.192509 1 4 1322 1000108 1
0.192511 1 5 1322 1000108 1
0.192513 1 8 1322 1000108 1
0.192514 1 5 1322 1000108 1
0.192515 1 5 1322 1000108 1
0.193 2 1 235 1000021 0
0.193 3 1 235 1000021 0
0.193 4 1 235 1000021 0
0.193 5 1 235 1000021 0
0.193 6 1 235 1000021 0
0.193 7 1 235 1000021 0
0.193 8 1 235 1000021 0
0.193003 1 8 1322 1000108 1
0.193005 1 4 1322 1000108 1
0.193007 1 7 1322 1000108 1
0.193008 1 7 1322 1000108 1
0.193009 1 4 1322 1000108 1
0.193014 1 5 1322 1000108 1
0.193015 1 5 1322 1000108 1
0.193501 1 3 1322 1000108 1
0.193506 1 7 1322 1000108 1
0.193509 1 4 1322 1000108 1
0.193511 1 5 1322 1000108 1
0.193512 1 7 1322 1000108 1
0.194001 1 3 1322 1000108 1
0.194002 1 5 1322 1000108 1
0.194003 1 8 1322 1000108 1
0.194006 1 7 1322 1000108 1
0.194007 1 7 1322 1000108 1
0.194009 1 4 1322 1000108 1
0.194013 1 8 1322 1000108 1
0.194014 1 5 1322 1000108 1
0.194503 1 8 1322 1000108 1
0.194505 1 4 1322 1000108 1
0.194506 1 7 1322 1000108 1
0.19451 1 4 1322 1000108 1
0.194511 1 5 1322 1000108 1
0.194514 1 5 1322 1000108 1
0.1946 2 1 235 1000021 0
0.1946 3 1 235 1000021 0
0.1946 4 1 235 1000021 0
0.1946 5 1 235 1000021 0
0.1946 6 1 235 1000021 0
0.1946 7 1 235 1000021 0
0.1946 8 1 235 1000021 0
0.195001 1 3 1322 1000108 1
0.195003 1 8 1322 1000108 1
0.195013 1 8 1322 1000108 1
0.195014 1 5 1322 1000108 1
0.195505 1 4 1322 1000108 1
0.195506 1 7 1322 1000108 1
0.195507 1 7 1322 1000108 1
0.195509 1 4 1322 1000108 1
0.195511 1 5 1322 1000108 1
0.195512 1 7 1322 1000108 1
0.195513 1 8 1322 1000108 1
0.195515 1 5 1322 1000108 1
0.196001 1 3 1322 1000108 1
0.196003 1 8 1322 1000108 1
0.196006 1 7 1322 1000108 1
0.196013 1 8 1322 1000108 1
0.196014 1 5 1322 1000108 1
0.1962 2 1 235 1000021 0
0.1962 3 1 235 1000021 0
0.1962 4 1 235 1000021 0
0.1962 5 1 235 1000021 0
0.1962 6 1 235 1000021 0
0.1962 7 1 235 1000021 0
0.1962 8 1 235 1000021 0
0.196505 1 4 1322 1000108 1
0.196507 1 7 1322 1000108 1
0.196508 1 7 1322 1000108 1
0.19651 1 4 1322 1000108 1
0.196511 1 5 1322 1000108 1
0.196514 1 5 1322 1000108 1
0.196515 1 5 1322 1000108 1
0.197001 1 3 1322 1000108 1
0.197002 1 5 1322 1000108 1
0.197005 1 4 1322 1000108 1
0.197007 1 7 1322 1000108 1
0.19701 1 4 1322 1000108 1
0.197011 1 5 1322 1000108 1
0.197501 1 3 1322 1000108 1
0.197503 1 8 1322 1000108 1
0.197505 1 4 1322 1000108 1
0.197506 1 7 1322 1000108 1
0.197507 1 7 1322 1000108 1
0.197508 1 7 1322 1000108 1
0.19751 1 4 1322 1000108 1
0.197513 1 8 1322 1000108 1
0.1978 2 1 235 1000021 0
0.1978 3 1 235 1000021 0
0.1978 4 1 235 1000021 0
0.1978 5 1 235 1000021 0
0.1978 6 1 235 1000021 0
0.1978 7 1 235 1000021 0
0.1978 8 1 235 1000021 0
0.198001 1 3 1322 1000108 1
0.198002 1 5 1322 1000108 1
0.198005 1 4 1322 1000108 1
0.198006 1 7 1322 1000108 1
0.198007 1 7 1322 1000108 1
0.198011 1 5 1322 1000108 1
0.198013 1 8 1322 1000108 1
0.198501 1 3 1322 1000108 1
0.198502 1 5 1322 1000108 1
0.198503 1 8 1322 1000108 1
0.198505 1 4 1322 1000108 1
0.198506 1 7 1322 1000108 1
0.198507 1 7 1322 1000108 1
0.198508 1 7 1322 1000108 1
0.198509 1 4 1322 1000108 1
0.19851 1 4 1322 1000108 1
0.198511 1 5 1322 1000108 1
0.198512 1 7 1322 1000108 1
0.198513 1 8 1322 1000108 1
0.198514 1 5 1322 1000108 1
0.199001 1 3 1322 1000108 1
0.199002 1 5 1322 1000108 1
0.199003 1 8 1322 1000108 1
0.199008 1 7 1322 1000108 1
0.199009 1 4 1322 1000108 1
0.199012 1 7 1322 1000108 1
0.199014 1 5 1322 1000108 1
0.199015 1 5 1322 1000108 1
0.1994 2 1 235 1000021 0
0.1994 3 1 235 1000021 0
0.1994 4 1 235 1000021 0
0.1994 5 1 235 1000021 0
0.1994 6 1 235 1000021 0
0.1994 7 1 235 1000021 0
0.1994 8 1 235 1000021 0
0.199501 1 3 1322 1000108 1
0.199503 1 8 1322 1000108 1
0.199505 1 4 1322 1000108 1
0.199509 1 4 1322 1000108 1
0.199513 1 8 1322 1000108 1
0.199515 1 5 1322 1000108 1
0.200001 1 3 1322 1000108 1
0.200003 1 8 1322 1000108 1
0.200006 1 7 1322 1000108 1
0.200009 1 4 1322 1000108 1
0.200011 1 5 1322 1000108 1
0.200012 1 7 1322 1000108 1
0.200014 1 5 1322 1000108 1
0.200015 1 5 1322 1000108 1
0.200508 1 7 1322 1000108 1
0.200509 1 4 1322 1000108 1
0.200511 1 5 1322 1000108 1
0.200512 1 7 1322 1000108 1
0.200513 1 8 1322 1000108 1
0.200514 1 5 1322 1000108 1
0.200515 1 5 1322 1000108 1
0.201 2 1 235 1000021 0
0.201 3 1 235 1000021 0
0.201 4 1 235 1000021 0
0.201 5 1 235 1000021 0
0.201 6 1 235 1000021 0
0.201 7 1 235 1000021 0
0.201 8 1 235 1000021 0
0.201002 1 5 1322 1000108 1
0.201003 1 8 1322 1000108 1
0.201006 1 7 1322 1000108 1
0.201007 1 7 1322 1000108 1
0.201008 1 7 1322 1000108 1
0.20101 1 4 1322 1000108 1
0.201011 1 5 1322 1000108 1
0.201501 1 3 1322 1000108 1
0.201503 1 8 1322 1000108 1
0.201505 1 4 1322 1000108 1
0.201508 1 7 1322 1000108 1
0.201509 1 4 1322 1000108 1
0.201511 1 5 1322 1000108 1
0.201512 1 7 1322 1000108 1
0.201513 1 8 1322 1000108 1
0.201515 1 5 1322 1000108 1
0.202001 1 3 1322 1000108 1
0.202003 1 8 1322 1000108 1
0.202005 1 4 1322 1000108 1
0.202006 1 7 1322 1000108 1
0.202008 1 7 1322 1000108 1
0.202009 1 4 1322 1000108 1
0.20201 1 4 1322 1000108 1
0.202011 1 5 1322 1000108 1
0.202501 1 3 1322 1000108 1
0.202505 1 4 1322 1000108 1
0.202509 1 4 1322 1000108 1
0.202511 1 5 1322 1000108 1
0.2026 2 1 235 1000021 0
0.2026 3 1 235 1000021 0
0.2026 4 1 235 1000021 0
0.2026 5 1 235 1000021 0
0.2026 6 1 235 1000021 0
0.2026 7 1 235 1000021 0
0.2026 8 1 235 1000021 0
0.203001 1 3 1322 1000108 1
0.203003 1 8 1322 1000108 1
0.203007 1 7 1322 1000108 1
0.203008 1 7 1322 1000108 1
0.203013 1 8 1322 1000108 1
0.203014 1 5 1322 1000108 1
0.203501 1 3 1322 1000108 1
0.203503 1 8 1322 1000108 1
0.203506 1 7 1322 1000108 1
0.203507 1 7 1322 1000108 1
0.203508 1 7 1322 1000108 1
0.203512 1 7 1322 1000108 1
0.203513 1 8 1322 1000108 1
0.203514 1 5 1322 1000108 1
0.204001 1 3 1322 1000108 1
0.204005 1 4 1322 1000108 1
0.204009 1 4 1322 1000108 1
0.20401 1 4 1322 1000108 1
0.204013 1 8 1322 1000108 1
0.204015 1 5 1322 1000108 1
0.2042 2 1 235 1000021 0
0.2042 3 1 235 1000021 0
0.2042 4 1 235 1000021 0
0.2042 5 1 235 1000021 0
0.2042 6 1 235 1000021 0
0.2042 7 1 235 1000021 0
0.2042 8 1 235 1000021 0
0.204502 1 5 1322 1000108 1
0.204506 1 7 1322 1000108 1
0.204507 1 7 1322 1000108 1
0.20451 1 4 1322 1000108 1
0.204514 1 5 1322 1000108 1
0.204515 1 5 1322 1000108 1
